0 0.42333333333333334 0.732 0.43333333333333335 0.744 0.43333333333333335 0.751 0.408 0.753 0.398 0.762 0.39 0.761 0.38533333333333336 0.754 0.38466666666666666 0.742 0.386 0.74 0.3933333333333333 0.735 0.4126666666666667 0.73 0.4226666666666667 0.732
0 0.32 0.444 0.32466666666666666 0.449 0.3426666666666667 0.484 0.3466666666666667 0.499 0.356 0.52 0.36 0.534 0.36 0.539 0.356 0.547 0.3426666666666667 0.543 0.33666666666666667 0.536 0.33 0.519 0.326 0.5 0.31666666666666665 0.486 0.31266666666666665 0.475 0.30533333333333335 0.467 0.30533333333333335 0.464 0.31133333333333335 0.456 0.31266666666666665 0.443 0.31933333333333336 0.444
0 0.5726666666666667 0.279 0.6133333333333333 0.294 0.6146666666666667 0.302 0.6093333333333333 0.315 0.5966666666666667 0.319 0.572 0.315 0.5533333333333333 0.316 0.542 0.312 0.5453333333333333 0.293 0.5526666666666666 0.283 0.5606666666666666 0.279 0.572 0.279
0 0.5153333333333333 0.476 0.5166666666666667 0.487 0.5106666666666667 0.502 0.49466666666666664 0.513 0.49066666666666664 0.513 0.4846666666666667 0.506 0.4573333333333333 0.5 0.4533333333333333 0.495 0.452 0.484 0.462 0.48 0.4746666666666667 0.483 0.49266666666666664 0.477 0.5146666666666667 0.476
0 0.44333333333333336 0.303 0.45266666666666666 0.31 0.4533333333333333 0.321 0.44066666666666665 0.397 0.43 0.413 0.426 0.41 0.42 0.394 0.41933333333333334 0.387 0.4266666666666667 0.356 0.42733333333333334 0.337 0.43066666666666664 0.317 0.436 0.306 0.44266666666666665 0.303
0 0.316 0.49 0.322 0.495 0.3273333333333333 0.506 0.3313333333333333 0.542 0.33 0.55 0.332 0.556 0.33266666666666667 0.578 0.32466666666666666 0.587 0.322 0.586 0.31266666666666665 0.57 0.298 0.503 0.298 0.495 0.3006666666666667 0.491 0.31533333333333335 0.49
0 0.3586666666666667 0.574 0.362 0.581 0.35933333333333334 0.604 0.3433333333333333 0.61 0.334 0.618 0.32666666666666666 0.631 0.31666666666666665 0.638 0.314 0.639 0.31066666666666665 0.636 0.31 0.625 0.30666666666666664 0.62 0.30733333333333335 0.613 0.31666666666666665 0.594 0.338 0.575 0.358 0.575
0 0.4693333333333333 0.266 0.4846666666666667 0.267 0.5046666666666667 0.278 0.5086666666666667 0.284 0.51 0.295 0.5013333333333333 0.308 0.49266666666666664 0.307 0.458 0.293 0.456 0.285 0.46066666666666667 0.268 0.4686666666666667 0.266
0 0.4686666666666667 0.304 0.474 0.319 0.48533333333333334 0.385 0.486 0.404 0.48133333333333334 0.412 0.472 0.408 0.462 0.396 0.458 0.368 0.45 0.356 0.45466666666666666 0.313 0.4633333333333333 0.305 0.468 0.304
0 0.43066666666666664 0.491 0.444 0.499 0.4726666666666667 0.503 0.4866666666666667 0.508 0.488 0.514 0.484 0.525 0.4673333333333333 0.538 0.44333333333333336 0.529 0.43533333333333335 0.529 0.414 0.509 0.41333333333333333 0.501 0.4206666666666667 0.488 0.43 0.491
0 0.4086666666666667 0.325 0.41133333333333333 0.327 0.412 0.333 0.402 0.351 0.3973333333333333 0.367 0.354 0.387 0.3446666666666667 0.387 0.3406666666666667 0.384 0.3426666666666667 0.365 0.3453333333333333 0.359 0.38466666666666666 0.34 0.4 0.327 0.408 0.325
0 0.6133333333333333 0.319 0.6213333333333333 0.324 0.6246666666666667 0.341 0.624 0.349 0.6193333333333333 0.357 0.6146666666666667 0.36 0.612 0.356 0.6066666666666667 0.36 0.5986666666666667 0.361 0.5633333333333334 0.382 0.5573333333333333 0.38 0.552 0.367 0.552 0.357 0.5553333333333333 0.349 0.598 0.322 0.6126666666666667 0.319
0 0.3466666666666667 0.327 0.366 0.318 0.3873333333333333 0.314 0.3973333333333333 0.314 0.4053333333333333 0.32 0.38466666666666666 0.339 0.35933333333333334 0.352 0.354 0.352 0.3473333333333333 0.347 0.3453333333333333 0.335 0.3466666666666667 0.328
0 0.5013333333333333 0.243 0.5153333333333333 0.253 0.522 0.244 0.5266666666666666 0.244 0.5346666666666666 0.254 0.5573333333333333 0.248 0.5606666666666666 0.252 0.5626666666666666 0.267 0.568 0.277 0.612 0.293 0.6146666666666667 0.3 0.61 0.315 0.6213333333333333 0.325 0.6246666666666667 0.346 0.6213333333333333 0.355 0.6106666666666667 0.369 0.6353333333333333 0.379 0.648 0.378 0.6506666666666666 0.38 0.6653333333333333 0.416 0.672 0.448 0.6726666666666666 0.457 0.6706666666666666 0.466 0.6793333333333333 0.478 0.6806666666666666 0.487 0.6746666666666666 0.499 0.666 0.507 0.6646666666666666 0.53 0.6586666666666666 0.559 0.658 0.587 0.6506666666666666 0.606 0.6426666666666667 0.609 0.6453333333333333 0.619 0.6446666666666667 0.627 0.632 0.639 0.6353333333333333 0.654 0.6346666666666667 0.669 0.626 0.676 0.6193333333333333 0.677 0.6066666666666667 0.689 0.594 0.687 0.5826666666666667 0.697 0.574 0.713 0.572 0.726 0.5673333333333334 0.73 0.5653333333333334 0.747 0.5586666666666666 0.752 0.5466666666666666 0.753 0.544 0.757 0.544 0.772 0.4846666666666667 0.773 0.4806666666666667 0.778 0.47333333333333333 0.779 0.4666666666666667 0.779 0.45266666666666666 0.773 0.44866666666666666 0.779 0.44333333333333336 0.781 0.41133333333333333 0.784 0.394 0.783 0.3873333333333333 0.77 0.388 0.761 0.38533333333333336 0.754 0.384 0.74 0.36666666666666664 0.721 0.352 0.717 0.3433333333333333 0.71 0.3313333333333333 0.686 0.31533333333333335 0.644 0.31 0.636 0.306 0.616 0.31266666666666665 0.599 0.31266666666666665 0.575 0.30866666666666664 0.55 0.3 0.515 0.298 0.496 0.30266666666666664 0.49 0.31333333333333335 0.489 0.31533333333333335 0.486 0.31133333333333335 0.474 0.306 0.467 0.306 0.463 0.30933333333333335 0.459 0.312 0.445 0.31933333333333336 0.439 0.32 0.424 0.32866666666666666 0.416 0.334 0.392 0.3406666666666667 0.381 0.344 0.361 0.352 0.352 0.3486666666666667 0.349 0.346 0.338 0.3453333333333333 0.331 0.3486666666666667 0.326 0.36133333333333334 0.319 0.39066666666666666 0.312 0.3953333333333333 0.302 0.39466666666666667 0.286 0.396 0.283 0.404 0.275 0.4226666666666667 0.265 0.4246666666666667 0.262 0.42333333333333334 0.247 0.426 0.243 0.44866666666666666 0.246 0.45866666666666667 0.243 0.4673333333333333 0.236 0.482 0.237 0.5006666666666667 0.243
0 0.5666666666666667 0.6 0.5906666666666667 0.608 0.602 0.614 0.6126666666666667 0.624 0.62 0.625 0.6206666666666667 0.633 0.614 0.64 0.6133333333333333 0.648 0.6106666666666667 0.651 0.5866666666666667 0.637 0.554 0.63 0.5486666666666666 0.62 0.5486666666666666 0.602 0.5553333333333333 0.597 0.566 0.6
0 0.576 0.445 0.5773333333333334 0.452 0.5726666666666667 0.467 0.5646666666666667 0.487 0.556 0.497 0.5546666666666666 0.51 0.5526666666666666 0.513 0.5466666666666666 0.512 0.5366666666666666 0.501 0.5373333333333333 0.487 0.5453333333333333 0.469 0.5573333333333333 0.45 0.5706666666666667 0.443 0.5753333333333334 0.445
0 0.5393333333333333 0.742 0.5466666666666666 0.748 0.5433333333333333 0.758 0.544 0.772 0.536 0.774 0.484 0.773 0.47733333333333333 0.757 0.47933333333333333 0.75 0.484 0.745 0.5386666666666666 0.742
0 0.6333333333333333 0.415 0.6406666666666667 0.423 0.6486666666666666 0.463 0.6626666666666666 0.5 0.66 0.506 0.648 0.513 0.644 0.513 0.636 0.501 0.624 0.47 0.6246666666666667 0.466 0.622 0.458 0.6226666666666667 0.426 0.626 0.417 0.6326666666666667 0.415
0 0.48 0.237 0.502 0.243 0.512 0.251 0.5133333333333333 0.255 0.5066666666666667 0.274 0.46 0.263 0.45866666666666667 0.261 0.46 0.241 0.466 0.236 0.47933333333333333 0.237
0 0.45066666666666666 0.754 0.452 0.773 0.44866666666666666 0.779 0.438 0.783 0.4046666666666667 0.785 0.39266666666666666 0.783 0.38666666666666666 0.77 0.38666666666666666 0.765 0.39066666666666666 0.761 0.398 0.76 0.4073333333333333 0.753 0.45 0.754