0 0.38866666666666666 0.683 0.4 0.696 0.4 0.703 0.37666666666666665 0.707 0.364 0.718 0.356 0.718 0.352 0.711 0.35133333333333333 0.7 0.35333333333333333 0.697 0.3606666666666667 0.691 0.388 0.683
0 0.3 0.408 0.30466666666666664 0.413 0.32133333333333336 0.446 0.324 0.459 0.33466666666666667 0.486 0.336 0.499 0.33066666666666666 0.508 0.31866666666666665 0.505 0.31266666666666665 0.498 0.30666666666666664 0.482 0.304 0.464 0.29533333333333334 0.451 0.29133333333333333 0.44 0.2846666666666667 0.433 0.2846666666666667 0.43 0.29133333333333333 0.421 0.2926666666666667 0.409 0.29933333333333334 0.408
0 0.58 0.219 0.6 0.225 0.6013333333333334 0.234 0.5933333333333334 0.249 0.5753333333333334 0.254 0.558 0.251 0.5393333333333333 0.255 0.5293333333333333 0.254 0.528 0.249 0.532 0.233 0.542 0.22 0.5593333333333333 0.215 0.5793333333333334 0.219
0 0.494 0.419 0.49533333333333335 0.429 0.4886666666666667 0.445 0.472 0.458 0.4666666666666667 0.458 0.462 0.452 0.43933333333333335 0.451 0.43333333333333335 0.448 0.43 0.44 0.43066666666666664 0.434 0.44266666666666665 0.428 0.4533333333333333 0.43 0.4713333333333333 0.422 0.49333333333333335 0.419
0 0.43 0.254 0.43866666666666665 0.259 0.43933333333333335 0.27 0.42333333333333334 0.348 0.412 0.365 0.408 0.363 0.4033333333333333 0.351 0.402 0.341 0.41 0.313 0.412 0.29 0.4166666666666667 0.269 0.422 0.258 0.42933333333333334 0.254
0 0.2926666666666667 0.454 0.3 0.459 0.304 0.466 0.30666666666666664 0.491 0.30733333333333335 0.54 0.2986666666666667 0.551 0.296 0.55 0.28733333333333333 0.535 0.276 0.475 0.276 0.462 0.2786666666666667 0.458 0.292 0.454
0 0.3333333333333333 0.534 0.336 0.541 0.33266666666666667 0.564 0.316 0.572 0.30666666666666664 0.581 0.2986666666666667 0.595 0.288 0.603 0.2826666666666667 0.602 0.2826666666666667 0.593 0.2793333333333333 0.586 0.2793333333333333 0.581 0.29 0.559 0.31266666666666665 0.537 0.33266666666666667 0.535
0 0.4726666666666667 0.213 0.48733333333333334 0.218 0.496 0.227 0.49666666666666665 0.239 0.488 0.252 0.4766666666666667 0.252 0.46 0.245 0.448 0.244 0.44333333333333336 0.24 0.444 0.231 0.4493333333333333 0.216 0.472 0.213
0 0.4553333333333333 0.252 0.46 0.266 0.4686666666666667 0.34 0.4673333333333333 0.353 0.46266666666666667 0.359 0.454 0.356 0.44466666666666665 0.345 0.44133333333333336 0.317 0.434 0.306 0.44066666666666665 0.263 0.45 0.253 0.45466666666666666 0.252
0 0.4086666666666667 0.443 0.422 0.45 0.4533333333333333 0.451 0.464 0.454 0.4653333333333333 0.46 0.46066666666666667 0.471 0.4573333333333333 0.476 0.44333333333333336 0.486 0.43266666666666664 0.482 0.412 0.481 0.4026666666666667 0.475 0.3913333333333333 0.463 0.3913333333333333 0.455 0.3993333333333333 0.441 0.408 0.443
0 0.3608222222222222 0.3146481481481482 0.07480000000000003 0.071
0 0.54 0.287 0.5566666666666666 0.273 0.5933333333333334 0.251 0.6053333333333333 0.252 0.6093333333333333 0.271 0.608 0.281 0.6 0.292 0.596 0.288 0.5906666666666667 0.293 0.5826666666666667 0.294 0.58 0.298 0.5673333333333334 0.303 0.556 0.311 0.5506666666666666 0.318 0.5453333333333333 0.32 0.5406666666666666 0.318 0.536 0.307 0.536 0.296 0.54 0.288
0 0.38333333333333336 0.27 0.3913333333333333 0.275 0.38466666666666666 0.283 0.36733333333333335 0.298 0.3393333333333333 0.313 0.332 0.309 0.3313333333333333 0.306 0.33066666666666666 0.293 0.33466666666666667 0.286 0.3606666666666667 0.274 0.38266666666666665 0.27
0 0.4713333333333333 0.183 0.49066666666666664 0.187 0.504 0.196 0.5073333333333333 0.189 0.5113333333333333 0.186 0.516 0.186 0.5233333333333333 0.195 0.5333333333333333 0.189 0.546 0.186 0.5493333333333333 0.19 0.5506666666666666 0.204 0.556 0.214 0.576 0.22 0.5866666666666667 0.22 0.5986666666666667 0.225 0.6013333333333334 0.232 0.596 0.247 0.6066666666666667 0.256 0.6093333333333333 0.277 0.6053333333333333 0.286 0.594 0.301 0.6153333333333333 0.308 0.6313333333333333 0.306 0.634 0.308 0.644 0.333 0.6493333333333333 0.352 0.6486666666666666 0.357 0.652 0.373 0.6526666666666666 0.382 0.65 0.391 0.658 0.402 0.6593333333333333 0.411 0.6526666666666666 0.424 0.6433333333333333 0.433 0.6413333333333333 0.456 0.6333333333333333 0.49 0.6333333333333333 0.504 0.6306666666666667 0.518 0.6233333333333333 0.534 0.616 0.537 0.618 0.547 0.6173333333333333 0.554 0.6033333333333334 0.569 0.606 0.58 0.6046666666666667 0.599 0.5953333333333334 0.607 0.5866666666666667 0.61 0.576 0.622 0.5633333333333334 0.621 0.552 0.632 0.542 0.65 0.54 0.662 0.5346666666666666 0.667 0.532 0.684 0.5253333333333333 0.69 0.5133333333333333 0.692 0.51 0.698 0.51 0.711 0.508 0.713 0.45066666666666666 0.719 0.446 0.725 0.43733333333333335 0.727 0.418 0.723 0.4086666666666667 0.732 0.36533333333333334 0.74 0.3606666666666667 0.74 0.3546666666666667 0.733 0.3506666666666667 0.697 0.33466666666666667 0.68 0.32 0.678 0.312 0.672 0.3006666666666667 0.649 0.2866666666666667 0.609 0.282 0.602 0.2786666666666667 0.582 0.286 0.564 0.28733333333333333 0.541 0.284 0.513 0.2773333333333333 0.484 0.276 0.463 0.2813333333333333 0.456 0.292 0.454 0.294 0.451 0.29 0.439 0.2853333333333333 0.433 0.2853333333333333 0.429 0.29 0.422 0.292 0.411 0.3 0.403 0.30133333333333334 0.388 0.31 0.38 0.314 0.362 0.324 0.343 0.3253333333333333 0.33 0.328 0.323 0.3353333333333333 0.315 0.336 0.313 0.332 0.306 0.33066666666666666 0.293 0.334 0.287 0.3506666666666667 0.277 0.36733333333333335 0.274 0.37666666666666665 0.269 0.38133333333333336 0.261 0.38333333333333336 0.239 0.3893333333333333 0.232 0.4106666666666667 0.218 0.41333333333333333 0.214 0.412 0.201 0.414 0.197 0.4166666666666667 0.195 0.434 0.197 0.448 0.192 0.45666666666666667 0.184 0.4706666666666667 0.184
0 0.5373333333333333 0.536 0.5633333333333334 0.542 0.5746666666666667 0.547 0.5846666666666667 0.556 0.592 0.556 0.5926666666666667 0.564 0.5853333333333334 0.572 0.5846666666666667 0.58 0.582 0.583 0.5626666666666666 0.573 0.5253333333333333 0.568 0.5213333333333333 0.562 0.522 0.541 0.5286666666666666 0.535 0.5366666666666666 0.536
0 0.5546666666666666 0.38 0.5573333333333333 0.384 0.556 0.392 0.5433333333333333 0.424 0.534 0.435 0.532 0.448 0.5293333333333333 0.452 0.52 0.449 0.5146666666666667 0.442 0.5153333333333333 0.428 0.5213333333333333 0.414 0.5373333333333333 0.388 0.554 0.38
0 0.5066666666666667 0.682 0.5133333333333333 0.687 0.5093333333333333 0.698 0.51 0.711 0.5086666666666667 0.713 0.4646666666666667 0.719 0.4493333333333333 0.719 0.44333333333333336 0.706 0.4493333333333333 0.692 0.46066666666666667 0.688 0.506 0.682
0 0.616 0.345 0.6226666666666667 0.354 0.628 0.391 0.6406666666666667 0.427 0.6373333333333333 0.433 0.6253333333333333 0.441 0.6206666666666667 0.441 0.614 0.431 0.604 0.404 0.602 0.392 0.6033333333333334 0.359 0.608 0.347 0.6113333333333333 0.344 0.6153333333333333 0.345
0 0.47733333333333333 0.185 0.49133333333333334 0.187 0.5013333333333333 0.195 0.502 0.198 0.49666666666666665 0.215 0.494 0.218 0.4706666666666667 0.213 0.45 0.213 0.44733333333333336 0.21 0.44733333333333336 0.197 0.4493333333333333 0.19 0.454 0.185 0.462 0.183 0.4766666666666667 0.185
0 0.416 0.703 0.418 0.705 0.418 0.722 0.414 0.729 0.4013333333333333 0.735 0.384 0.736 0.36533333333333334 0.741 0.358 0.74 0.3526666666666667 0.727 0.3526666666666667 0.722 0.3566666666666667 0.718 0.364 0.716 0.376 0.707 0.41533333333333333 0.703