0 0.4266666666666667 0.694 0.43733333333333335 0.706 0.43666666666666665 0.713 0.41133333333333333 0.717 0.4013333333333333 0.727 0.3933333333333333 0.726 0.3893333333333333 0.72 0.388 0.71 0.3893333333333333 0.706 0.39666666666666667 0.7 0.4166666666666667 0.693 0.426 0.694
0 0.32066666666666666 0.414 0.32666666666666666 0.42 0.33466666666666667 0.437 0.342 0.447 0.3586666666666667 0.488 0.3626666666666667 0.502 0.3626666666666667 0.507 0.3586666666666667 0.515 0.3453333333333333 0.513 0.342 0.51 0.33266666666666667 0.49 0.32866666666666666 0.471 0.31933333333333336 0.458 0.31533333333333335 0.448 0.30733333333333335 0.439 0.31333333333333335 0.429 0.31466666666666665 0.415 0.32 0.414
0 0.5806666666666667 0.229 0.6146666666666667 0.239 0.616 0.248 0.6106666666666667 0.261 0.592 0.267 0.5733333333333334 0.264 0.558 0.267 0.544 0.265 0.546 0.247 0.554 0.234 0.562 0.229 0.58 0.23
0 0.4706666666666667 0.439 0.4766666666666667 0.441 0.49533333333333335 0.433 0.5173333333333333 0.43 0.5193333333333333 0.434 0.5193333333333333 0.441 0.5133333333333333 0.456 0.49733333333333335 0.469 0.492 0.469 0.484 0.462 0.4693333333333333 0.462 0.458 0.458 0.4553333333333333 0.453 0.45466666666666666 0.443 0.47 0.439
0 0.4493333333333333 0.265 0.454 0.27 0.45466666666666666 0.281 0.448 0.331 0.44266666666666665 0.358 0.432 0.375 0.428 0.372 0.42133333333333334 0.353 0.42866666666666664 0.318 0.43066666666666664 0.286 0.43733333333333335 0.267 0.44333333333333336 0.264 0.44866666666666666 0.265
0 0.31733333333333336 0.461 0.32866666666666666 0.473 0.33266666666666667 0.499 0.3353333333333333 0.549 0.3273333333333333 0.558 0.32466666666666666 0.557 0.31533333333333335 0.542 0.3006666666666667 0.477 0.3006666666666667 0.468 0.30333333333333334 0.464 0.31666666666666665 0.461
0 0.36133333333333334 0.542 0.36466666666666664 0.549 0.362 0.573 0.3466666666666667 0.579 0.3373333333333333 0.588 0.33 0.602 0.32 0.61 0.314 0.609 0.31333333333333335 0.598 0.31 0.593 0.312 0.581 0.31933333333333336 0.566 0.33866666666666667 0.546 0.3606666666666667 0.543
0 0.486 0.224 0.5026666666666667 0.23 0.51 0.239 0.5106666666666667 0.253 0.5033333333333333 0.263 0.4886666666666667 0.262 0.4746666666666667 0.256 0.4646666666666667 0.255 0.4573333333333333 0.249 0.46266666666666667 0.226 0.48533333333333334 0.224
0 0.47 0.262 0.4746666666666667 0.274 0.48 0.298 0.48733333333333334 0.342 0.488 0.361 0.48333333333333334 0.369 0.47533333333333333 0.367 0.464 0.355 0.46066666666666667 0.33 0.452 0.316 0.456 0.273 0.46066666666666667 0.267 0.4693333333333333 0.262
0 0.43333333333333335 0.453 0.444 0.459 0.47533333333333333 0.461 0.48933333333333334 0.465 0.49066666666666664 0.471 0.4866666666666667 0.482 0.4693333333333333 0.497 0.4593333333333333 0.492 0.43533333333333335 0.489 0.4166666666666667 0.472 0.416 0.464 0.4226666666666667 0.451 0.428 0.45 0.43266666666666664 0.453
0 0.37466666666666665 0.311 0.38466666666666666 0.307 0.406 0.289 0.4106666666666667 0.289 0.41333333333333333 0.292 0.4126666666666667 0.299 0.404 0.315 0.398 0.333 0.37733333333333335 0.342 0.37133333333333335 0.348 0.35533333333333333 0.356 0.344 0.356 0.3426666666666667 0.351 0.3446666666666667 0.334 0.3473333333333333 0.328 0.37466666666666665 0.312
0 0.6146666666666667 0.264 0.6226666666666667 0.268 0.6266666666666667 0.286 0.6253333333333333 0.295 0.618 0.305 0.6133333333333333 0.302 0.6086666666666667 0.306 0.604 0.306 0.576 0.323 0.5686666666666667 0.331 0.562 0.332 0.558 0.329 0.5533333333333333 0.315 0.5566666666666666 0.301 0.5733333333333334 0.286 0.604 0.266 0.614 0.265
0 0.3993333333333333 0.279 0.4066666666666667 0.284 0.40066666666666667 0.292 0.38466666666666666 0.306 0.356 0.321 0.3486666666666667 0.315 0.3466666666666667 0.301 0.34933333333333333 0.295 0.368 0.285 0.39866666666666667 0.279
0 0.48333333333333334 0.194 0.502 0.198 0.5166666666666667 0.207 0.5193333333333333 0.201 0.5246666666666666 0.197 0.528 0.197 0.5346666666666666 0.206 0.558 0.198 0.562 0.202 0.564 0.217 0.5686666666666667 0.226 0.614 0.239 0.616 0.246 0.6113333333333333 0.26 0.6226666666666667 0.269 0.6266666666666667 0.29 0.6226666666666667 0.301 0.6126666666666667 0.315 0.634 0.322 0.6486666666666666 0.32 0.6526666666666666 0.322 0.6633333333333333 0.346 0.67 0.367 0.6746666666666666 0.395 0.6733333333333333 0.407 0.682 0.418 0.6833333333333333 0.426 0.678 0.438 0.6686666666666666 0.448 0.6673333333333333 0.471 0.6613333333333333 0.5 0.6606666666666666 0.529 0.654 0.548 0.646 0.551 0.6486666666666666 0.562 0.648 0.569 0.6353333333333333 0.583 0.6386666666666667 0.598 0.638 0.613 0.62 0.624 0.61 0.635 0.5973333333333334 0.634 0.586 0.645 0.5773333333333334 0.662 0.5746666666666667 0.677 0.57 0.682 0.5693333333333334 0.696 0.5606666666666666 0.703 0.5506666666666666 0.704 0.548 0.708 0.5466666666666666 0.725 0.494 0.729 0.4886666666666667 0.73 0.4846666666666667 0.735 0.4706666666666667 0.738 0.4646666666666667 0.734 0.45666666666666667 0.733 0.45266666666666666 0.739 0.44666666666666666 0.742 0.4033333333333333 0.749 0.3993333333333333 0.749 0.3933333333333333 0.742 0.3873333333333333 0.706 0.37 0.688 0.356 0.686 0.34933333333333333 0.682 0.3413333333333333 0.671 0.31866666666666665 0.616 0.31333333333333335 0.609 0.30933333333333335 0.588 0.31533333333333335 0.572 0.31533333333333335 0.547 0.302 0.485 0.3006666666666667 0.469 0.30533333333333335 0.463 0.316 0.461 0.318 0.458 0.308 0.436 0.31266666666666665 0.428 0.314 0.417 0.32133333333333336 0.411 0.322 0.396 0.33066666666666666 0.387 0.3353333333333333 0.364 0.3426666666666667 0.351 0.346 0.33 0.35333333333333333 0.323 0.3473333333333333 0.307 0.3473333333333333 0.3 0.34933333333333333 0.296 0.3626666666666667 0.287 0.386 0.281 0.392 0.277 0.39666666666666667 0.267 0.396 0.251 0.3973333333333333 0.248 0.4013333333333333 0.242 0.42133333333333334 0.23 0.426 0.224 0.4246666666666667 0.213 0.426 0.206 0.44533333333333336 0.207 0.46 0.202 0.4686666666666667 0.194 0.4826666666666667 0.194
0 0.5626666666666666 0.547 0.5953333333333334 0.556 0.606 0.561 0.616 0.57 0.6233333333333333 0.57 0.624 0.578 0.6173333333333333 0.585 0.6166666666666667 0.593 0.614 0.597 0.594 0.586 0.5573333333333333 0.581 0.552 0.572 0.5526666666666666 0.562 0.5506666666666666 0.556 0.5533333333333333 0.551 0.562 0.547
0 0.578 0.394 0.5793333333333334 0.401 0.5746666666666667 0.417 0.5666666666666667 0.438 0.558 0.449 0.5573333333333333 0.461 0.5553333333333333 0.464 0.548 0.463 0.5393333333333333 0.453 0.54 0.439 0.5446666666666666 0.426 0.56 0.4 0.5726666666666667 0.392 0.5773333333333334 0.394
0 0.5453333333333333 0.695 0.55 0.699 0.5473333333333333 0.709 0.548 0.723 0.5466666666666666 0.725 0.504 0.73 0.488 0.73 0.48133333333333334 0.717 0.486 0.703 0.49733333333333335 0.699 0.5446666666666666 0.695
0 0.6353333333333333 0.359 0.6426666666666667 0.366 0.6506666666666666 0.405 0.6653333333333333 0.441 0.6586666666666666 0.451 0.6493333333333333 0.456 0.6466666666666666 0.456 0.6386666666666667 0.445 0.6273333333333333 0.418 0.624 0.402 0.6246666666666667 0.371 0.628 0.361 0.6346666666666667 0.359
0 0.476 0.194 0.5026666666666667 0.198 0.514 0.206 0.51 0.227 0.508 0.229 0.4613333333333333 0.222 0.46 0.22 0.4613333333333333 0.2 0.468 0.194 0.47533333333333333 0.194
0 0.4533333333333333 0.713 0.4553333333333333 0.715 0.456 0.733 0.45266666666666666 0.739 0.43333333333333335 0.746 0.4186666666666667 0.746 0.4033333333333333 0.75 0.3973333333333333 0.749 0.39066666666666666 0.736 0.39066666666666666 0.73 0.39466666666666667 0.726 0.4013333333333333 0.725 0.408 0.718 0.4146666666666667 0.716 0.45266666666666666 0.713