0 0.654296875 0.3484626647144949 0.66162109375 0.3594436310395315 0.6728515625 0.38653001464128844 0.70166015625 0.42313323572474376 0.7080078125 0.43704245973645683 0.70849609375 0.4458272327964861 0.70556640625 0.44875549048316254 0.6796875 0.4538799414348463 0.66357421875 0.4443631039531479 0.63818359375 0.4158125915080527 0.63671875 0.4128843338213763 0.63671875 0.3967789165446559 0.6337890625 0.390190336749634 0.63427734375 0.3814055636896047 0.6494140625 0.35212298682284043 0.65380859375 0.349194729136164
0 0.45849609375 0.862371888726208 0.46630859375 0.8704245973645681 0.47900390625 0.8931185944363104 0.4765625 0.9099560761346999 0.4736328125 0.9143484626647145 0.46240234375 0.9187408491947291 0.45068359375 0.9187408491947291 0.44482421875 0.9158125915080527 0.4404296875 0.9106881405563689 0.4375 0.9004392386530015 0.43994140625 0.87701317715959 0.44873046875 0.8638360175695461 0.4580078125 0.862371888726208
0 0.2822265625 0.5944363103953147 0.3359375 0.6354319180087847 0.35791015625 0.6551976573938506 0.3583984375 0.6669106881405563 0.3505859375 0.6822840409956076 0.35107421875 0.6998535871156661 0.34912109375 0.7042459736456809 0.3447265625 0.7064421669106882 0.29736328125 0.6837481698389458 0.29296875 0.6727672035139092 0.283203125 0.6610541727672035 0.27490234375 0.6464128843338214 0.2685546875 0.6244509516837482 0.2685546875 0.6120058565153733 0.2763671875 0.595900439238653 0.28173828125 0.5944363103953147
0 0.58642578125 0.33528550512445093 0.595703125 0.3404099560761347 0.60400390625 0.3513909224011713 0.61279296875 0.37481698389458273 0.61328125 0.3850658857979502 0.5947265625 0.40922401171303074 0.57080078125 0.4575402635431918 0.56494140625 0.46486090775988287 0.55908203125 0.4677891654465593 0.55078125 0.4633967789165447 0.5419921875 0.4538799414348463 0.5341796875 0.4407027818448023 0.53271484375 0.43265007320644217 0.560546875 0.369692532942899 0.5771484375 0.3396778916544656 0.58203125 0.33455344070278187 0.5859375 0.33528550512445093
0 0.28271484375 0.4568081991215227 0.2900390625 0.4568081991215227 0.29296875 0.4633967789165447 0.2978515625 0.4985358711566618 0.29638671875 0.5226939970717424 0.26904296875 0.5483162518301611 0.25927734375 0.5505124450951684 0.25732421875 0.5446559297218155 0.25439453125 0.5153733528550513 0.24951171875 0.49194729136163984 0.2490234375 0.4751098096632504 0.2548828125 0.4685212298682284 0.2822265625 0.4575402635431918
0 0.49267578125 0.5102489019033675 0.5146484375 0.5248901903367497 0.525390625 0.5219619326500732 0.53173828125 0.5322108345534406 0.53076171875 0.5431918008784773 0.52783203125 0.54099560761347 0.525390625 0.5475841874084919 0.5263671875 0.5578330893118595 0.52490234375 0.5622254758418741 0.5205078125 0.568814055636896 0.5087890625 0.5768667642752562 0.501953125 0.575402635431918 0.49560546875 0.5673499267935578 0.498046875 0.5607613469985359 0.49658203125 0.5541727672035139 0.48876953125 0.541727672035139 0.486328125 0.513177159590044 0.48974609375 0.5087847730600292 0.4921875 0.5102489019033675
0 0.5859375 0.2847730600292826 0.6044921875 0.2957540263543192 0.6298828125 0.32430453879941434 0.63916015625 0.3404099560761347 0.64111328125 0.3528550512445095 0.6396484375 0.36383601756954614 0.63525390625 0.37554904831625185 0.62890625 0.3814055636896047 0.6162109375 0.3733528550512445 0.60009765625 0.34333821376281115 0.5888671875 0.33382137628111275 0.58154296875 0.3184480234260615 0.57275390625 0.3074670571010249 0.56982421875 0.2979502196193265 0.58056640625 0.2862371888726208 0.58544921875 0.2847730600292826
0 0.67919921875 0.46412884333821375 0.68994140625 0.4685212298682284 0.6953125 0.4743777452415813 0.69677734375 0.479502196193265 0.6953125 0.5263543191800878 0.69873046875 0.6134699853587116 0.69384765625 0.6288433382137628 0.6826171875 0.636896046852123 0.67529296875 0.6383601756954612 0.6650390625 0.6361639824304539 0.66162109375 0.6317715959004392 0.66357421875 0.6105417276720352 0.6611328125 0.5710102489019033 0.662109375 0.5527086383601757 0.65380859375 0.5190336749633968 0.65283203125 0.48975109809663253 0.65380859375 0.4816983894582723 0.6591796875 0.47291361639824303 0.66796875 0.4670571010248902 0.6787109375 0.46412884333821375
0 0.431640625 0.5739385065885798 0.439453125 0.5768667642752562 0.45458984375 0.5937042459736457 0.4765625 0.6120058565153733 0.4775390625 0.6193265007320644 0.47412109375 0.623718887262079 0.466796875 0.6266471449487555 0.462890625 0.6325036603221084 0.45849609375 0.6420204978038068 0.45703125 0.6515373352855052 0.45361328125 0.6537335285505125 0.44921875 0.6515373352855052 0.435546875 0.623718887262079 0.4296875 0.595900439238653 0.42919921875 0.5849194729136163 0.43115234375 0.5746705710102489
0 0.61572265625 0.3953147877013177 0.62060546875 0.39824304538799415 0.6201171875 0.40483162518301613 0.62353515625 0.4084919472913616 0.6162109375 0.46412884333821375 0.59375 0.493411420204978 0.58642578125 0.4956076134699854 0.58203125 0.49487554904831627 0.580078125 0.4882869692532943 0.5830078125 0.44216691068814057 0.5986328125 0.4033674963396779 0.6064453125 0.3967789165446559 0.615234375 0.3953147877013177
0 0.41064453125 0.5204978038067349 0.41845703125 0.5314787701317716 0.4248046875 0.5497803806734992 0.43017578125 0.5790629575402635 0.43017578125 0.5966325036603221 0.43310546875 0.6061493411420205 0.4345703125 0.6288433382137628 0.4326171875 0.6361639824304539 0.42919921875 0.6398243045387995 0.40966796875 0.6464128843338214 0.39794921875 0.6464128843338214 0.3896484375 0.6405563689604685 0.388671875 0.5929721815519766 0.3896484375 0.5614934114202049 0.39453125 0.5358711566617862 0.40087890625 0.5256222547584187 0.41015625 0.5204978038067349
0 0.29736328125 0.527086383601757 0.30419921875 0.5307467057101025 0.30810546875 0.5373352855051244 0.32275390625 0.5775988286969254 0.32275390625 0.5885797950219619 0.314453125 0.595900439238653 0.30029296875 0.6010248901903368 0.29150390625 0.6002928257686676 0.28271484375 0.5937042459736457 0.27734375 0.5937042459736457 0.26904296875 0.6046852122986823 0.2626953125 0.6046852122986823 0.244140625 0.5929721815519766 0.24169921875 0.5834553440702782 0.2431640625 0.5710102489019033 0.2509765625 0.5607613469985359 0.27197265625 0.5468521229868228 0.28857421875 0.5285505124450952 0.296875 0.527086383601757
0 0.58056640625 0.7130307467057101 0.58544921875 0.7152269399707174 0.59765625 0.7379209370424598 0.6064453125 0.7489019033674963 0.6474609375 0.8316251830161054 0.64794921875 0.8396778916544656 0.6435546875 0.8506588579795022 0.63525390625 0.863103953147877 0.6240234375 0.8718887262079063 0.6171875 0.8682284040995608 0.60595703125 0.8455344070278185 0.5966796875 0.8338213762811127 0.5859375 0.8140556368960469 0.5849609375 0.8052708638360175 0.5869140625 0.8008784773060029 0.59375 0.7964860907759883 0.59423828125 0.7862371888726208 0.5859375 0.7847730600292826 0.5830078125 0.781112737920937 0.57958984375 0.7862371888726208 0.57861328125 0.7825768667642753 0.5654296875 0.7701317715959004 0.55712890625 0.753294289897511 0.55712890625 0.7423133235724744 0.560546875 0.732796486090776 0.572265625 0.7152269399707174 0.580078125 0.7130307467057101
0 0.50244140625 0.2247437774524158 0.5078125 0.22767203513909223 0.51171875 0.2335285505124451 0.515625 0.246705710102489 0.51513671875 0.2540263543191801 0.50146484375 0.28550512445095166 0.490234375 0.30600292825768666 0.48583984375 0.3096632503660322 0.46923828125 0.30453879941434847 0.46044921875 0.29209370424597364 0.458984375 0.28111273792093705 0.466796875 0.2540263543191801 0.4716796875 0.2452415812591508 0.48779296875 0.22767203513909223 0.501953125 0.2247437774524158
0 0.6005859375 0.23133235724743778 0.62158203125 0.25036603221083453 0.6669921875 0.3140556368960469 0.66943359375 0.3206442166910688 0.66845703125 0.32430453879941434 0.65966796875 0.33528550512445093 0.64404296875 0.33528550512445093 0.63330078125 0.32723279648609077 0.6220703125 0.31551976573938506 0.61474609375 0.30234260614934116 0.60400390625 0.29062957540263545 0.5908203125 0.2708638360175695 0.5849609375 0.2562225475841874 0.58447265625 0.2452415812591508 0.59423828125 0.2335285505124451 0.60009765625 0.23133235724743778
0 0.25830078125 0.6603221083455344 0.27392578125 0.6771595900439239 0.2822265625 0.691800878477306 0.28076171875 0.7093704245973645 0.283203125 0.7174231332357247 0.28271484375 0.7240117130307467 0.27880859375 0.7313323572474377 0.27294921875 0.7349926793557833 0.2607421875 0.7342606149341142 0.24462890625 0.7284040995607614 0.23095703125 0.7166910688140556 0.2255859375 0.705710102489019 0.2265625 0.6932650073206442 0.2314453125 0.6808199121522694 0.24658203125 0.6654465592972182 0.2578125 0.6603221083455344
0 0.36767578125 0.28330893118594436 0.3759765625 0.2884333821376281 0.38232421875 0.3001464128843338 0.380859375 0.34992679355783307 0.37255859375 0.3718887262079063 0.36474609375 0.3828696925329429 0.35986328125 0.3945827232796486 0.35400390625 0.3989751098096633 0.3486328125 0.3945827232796486 0.3427734375 0.3814055636896047 0.3427734375 0.308199121522694 0.34619140625 0.2986822840409956 0.35400390625 0.2884333821376281 0.3671875 0.28330893118594436
0 0.2607421875 0.45095168374816985 0.26611328125 0.4546120058565154 0.2685546875 0.4612005856515373 0.24951171875 0.4751098096632504 0.2490234375 0.486090775988287 0.251953125 0.4978038067349927 0.25244140625 0.5117130307467057 0.2509765625 0.5168374816983895 0.2412109375 0.5248901903367497 0.232421875 0.5212298682284041 0.2255859375 0.5109809663250366 0.21826171875 0.4868228404099561 0.21923828125 0.4765739385065886 0.22119140625 0.47218155197657397 0.23779296875 0.4575402635431918 0.24853515625 0.45168374816983897 0.26025390625 0.45095168374816985
0 0.3603515625 0.787701317715959 0.36962890625 0.8023426061493412 0.37548828125 0.821376281112738 0.37890625 0.8272327964860908 0.3857421875 0.8272327964860908 0.3916015625 0.842606149341142 0.3955078125 0.8682284040995608 0.3916015625 0.8792093704245973 0.3818359375 0.8843338213762811 0.37060546875 0.883601756954612 0.36181640625 0.8792093704245973 0.35498046875 0.8689604685212299 0.35302734375 0.8609077598828697 0.35009765625 0.8228404099560761 0.3505859375 0.8045387994143485 0.35302734375 0.794289897510981 0.35986328125 0.787701317715959
0 0.470703125 0.6625183016105417 0.47314453125 0.664714494875549 0.50439453125 0.6669106881405563 0.51513671875 0.671303074670571 0.521484375 0.6771595900439239 0.52587890625 0.6874084919472914 0.5263671875 0.6961932650073206 0.5234375 0.712298682284041 0.51953125 0.7203513909224012 0.509765625 0.7181551976573939 0.4912109375 0.7203513909224012 0.4453125 0.7042459736456809 0.42919921875 0.7035139092240117 0.42578125 0.6969253294289898 0.42578125 0.6910688140556369 0.43359375 0.6822840409956076 0.43505859375 0.6764275256222547 0.44482421875 0.6720351390922401 0.4541015625 0.6617862371888726 0.47021484375 0.6625183016105417
0 0.6630859375 0.6361639824304539 0.68017578125 0.6398243045387995 0.69189453125 0.6339677891654466 0.701171875 0.6332357247437774 0.703125 0.6361639824304539 0.701171875 0.6566617862371888 0.6953125 0.664714494875549 0.67578125 0.671303074670571 0.64892578125 0.6852122986822841 0.6396484375 0.6830161054172768 0.63037109375 0.6742313323572474 0.62646484375 0.6661786237188873 0.626953125 0.6530014641288433 0.63134765625 0.6412884333821376 0.63916015625 0.6471449487554904 0.6435546875 0.6471449487554904 0.6513671875 0.6449487554904831 0.65966796875 0.6354319180087847 0.66259765625 0.6361639824304539
0 0.3818359375 0.5563689604685212 0.38671875 0.5710102489019033 0.38623046875 0.5951683748169839 0.388671875 0.6332357247437774 0.39013671875 0.6412884333821376 0.39697265625 0.6551976573938506 0.3984375 0.6683748169838946 0.39892578125 0.7137628111273792 0.39697265625 0.7254758418740849 0.39306640625 0.7298682284040996 0.36962890625 0.7298682284040996 0.36181640625 0.7240117130307467 0.35888671875 0.7013177159590044 0.3603515625 0.6610541727672035 0.35498046875 0.6383601756954612 0.35400390625 0.6215226939970717 0.34716796875 0.5812591508052709 0.3486328125 0.5702781844802343 0.376953125 0.554904831625183 0.38134765625 0.5563689604685212
0 0.46337890625 0.7518301610541728 0.474609375 0.760614934114202 0.4892578125 0.7957540263543191 0.4931640625 0.821376281112738 0.50048828125 0.8499267935578331 0.50244140625 0.8718887262079063 0.5 0.8814055636896047 0.49560546875 0.8879941434846267 0.48681640625 0.8916544655929722 0.4765625 0.8887262079062958 0.4638671875 0.8682284040995608 0.4599609375 0.8389458272327965 0.44287109375 0.7928257686676428 0.44140625 0.7745241581259151 0.44482421875 0.7584187408491947 0.45361328125 0.7503660322108345 0.462890625 0.7518301610541728
0 0.5478515625 0.6910688140556369 0.56201171875 0.7035139092240117 0.56787109375 0.7152269399707174 0.5654296875 0.7240117130307467 0.55810546875 0.7349926793557833 0.55419921875 0.7540263543191801 0.54345703125 0.7591508052708639 0.53759765625 0.7554904831625183 0.53076171875 0.7459736456808199 0.52587890625 0.7269399707174231 0.52734375 0.7225475841874085 0.54052734375 0.7093704245973645 0.5380859375 0.7020497803806734 0.54345703125 0.6932650073206442 0.54736328125 0.691800878477306
0 0.46142578125 0.29428989751098095 0.4638671875 0.2979502196193265 0.4677734375 0.32430453879941434 0.46875 0.35871156661786235 0.47216796875 0.38726207906295756 0.46875 0.40483162518301613 0.46484375 0.40922401171303074 0.4560546875 0.40263543191800877 0.4521484375 0.38726207906295756 0.439453125 0.3689604685212299 0.435546875 0.34553440702781846 0.43603515625 0.3323572474377745 0.44189453125 0.30234260614934116 0.45166015625 0.29282576866764276 0.4609375 0.29428989751098095
0 0.3564453125 0.7005856515373353 0.36083984375 0.7108345534407028 0.36083984375 0.7203513909224012 0.3642578125 0.7269399707174231 0.3759765625 0.7313323572474377 0.39111328125 0.7313323572474377 0.39501953125 0.7357247437774525 0.396484375 0.7935578330893118 0.39990234375 0.8118594436310396 0.392578125 0.8191800878477306 0.38427734375 0.8228404099560761 0.3759765625 0.8199121522693997 0.3564453125 0.7650073206442167 0.34765625 0.718887262079063 0.34912109375 0.7086383601756955 0.353515625 0.7005856515373353 0.35595703125 0.7005856515373353
0 0.49072265625 0.38799414348462663 0.49658203125 0.3931185944363104 0.5078125 0.4128843338213763 0.51806640625 0.45021961932650073 0.5234375 0.45900439238653 0.52392578125 0.4670571010248902 0.5283203125 0.48096632503660325 0.529296875 0.5073206442166911 0.52294921875 0.5204978038067349 0.5185546875 0.5226939970717424 0.4970703125 0.5124450951683748 0.49169921875 0.5051244509516838 0.494140625 0.4904831625183016 0.5048828125 0.46486090775988287 0.5078125 0.4458272327964861 0.5029296875 0.43704245973645683 0.4853515625 0.4253294289897511 0.4794921875 0.4158125915080527 0.4794921875 0.3923865300146413 0.48291015625 0.38799414348462663 0.490234375 0.38799414348462663
0 0.2900390625 0.28989751098096633 0.30810546875 0.2964860907759883 0.326171875 0.3089311859443631 0.328125 0.31259150805270863 0.328125 0.3206442166910688 0.32080078125 0.35651537335285505 0.30517578125 0.4136163982430454 0.2880859375 0.45021961932650073 0.283203125 0.4546120058565154 0.27294921875 0.4568081991215227 0.25634765625 0.4443631039531479 0.2529296875 0.43923865300146414 0.25146484375 0.42972181551976574 0.25439453125 0.4150805270863836 0.265625 0.3857979502196193 0.27685546875 0.34699853587115664 0.27783203125 0.328696925329429 0.283203125 0.3008784773060029 0.28564453125 0.29282576866764276 0.28955078125 0.29062957540263545
0 0.64306640625 0.5248901903367497 0.65380859375 0.5344070278184481 0.65869140625 0.5431918008784773 0.66015625 0.5666178623718887 0.634765625 0.5980966325036603 0.6171875 0.6251830161054173 0.6103515625 0.6281112737920937 0.61376953125 0.5907759882869692 0.623046875 0.5695461200585652 0.61865234375 0.5497803806734992 0.62890625 0.5336749633967789 0.642578125 0.5256222547584187
0 0.619140625 0.5563689604685212 0.62451171875 0.568814055636896 0.62060546875 0.5812591508052709 0.615234375 0.5893118594436311 0.61083984375 0.6295754026354319 0.60302734375 0.6478770131771596 0.59423828125 0.6537335285505125 0.57763671875 0.6434846266471449 0.5654296875 0.6193265007320644 0.56591796875 0.6090775988286969 0.5712890625 0.5973645680819912 0.58154296875 0.5885797950219619 0.59033203125 0.5761346998535871 0.60888671875 0.5592972181551976 0.6162109375 0.554904831625183 0.61865234375 0.5563689604685212
0 0.33251953125 0.5746705710102489 0.34521484375 0.5768667642752562 0.35107421875 0.6090775988286969 0.35009765625 0.6193265007320644 0.3447265625 0.6273792093704246 0.3369140625 0.6325036603221084 0.3310546875 0.6310395314787701 0.31689453125 0.6207906295754027 0.3115234375 0.6120058565153733 0.314453125 0.5937042459736457 0.3212890625 0.5856515373352855 0.32275390625 0.5805270863836017 0.33203125 0.5746705710102489
0 0.64404296875 0.5256222547584187 0.6513671875 0.5314787701317716 0.658203125 0.5424597364568082 0.66064453125 0.5527086383601757 0.66015625 0.568081991215227 0.63134765625 0.6024890190336749 0.61767578125 0.6244509516837482 0.60888671875 0.6339677891654466 0.6025390625 0.6478770131771596 0.59619140625 0.6522693997071742 0.5830078125 0.6478770131771596 0.576171875 0.6398243045387995 0.56640625 0.6178623718887262 0.568359375 0.6054172767203514 0.591796875 0.5746705710102489 0.615234375 0.5534407027818448 0.62744140625 0.5344070278184481 0.6396484375 0.5248901903367497 0.6435546875 0.5256222547584187
0 0.41748046875 0.39751098096632503 0.4296875 0.40263543191800877 0.45703125 0.4062957540263543 0.5048828125 0.438506588579795 0.50830078125 0.4465592972181552 0.50732421875 0.4546120058565154 0.490234375 0.5007320644216691 0.4873046875 0.5036603221083455 0.48046875 0.5014641288433382 0.4462890625 0.4707174231332357 0.4033203125 0.44216691068814057 0.40283203125 0.4355783308931186 0.40673828125 0.41947291361639827 0.4150390625 0.3989751098096633 0.4169921875 0.39824304538799415
0 0.4111328125 0.8967789165446559 0.41796875 0.9019033674963397 0.42822265625 0.9004392386530015 0.435546875 0.9033674963396779 0.4453125 0.9216691068814056 0.44384765625 0.9326500732064422 0.44140625 0.9363103953147877 0.42626953125 0.9480234260614934 0.4150390625 0.9480234260614934 0.40869140625 0.945095168374817 0.40185546875 0.9289897510980967 0.39599609375 0.8938506588579795 0.396484375 0.8814055636896047 0.40478515625 0.87701317715959 0.41064453125 0.8967789165446559
0 0.35546875 0.4084919472913616 0.3935546875 0.45973645680819913 0.41748046875 0.5043923865300146 0.41015625 0.5168374816983895 0.38525390625 0.5366032210834554 0.37744140625 0.5351390922401171 0.353515625 0.4956076134699854 0.341796875 0.4802342606149341 0.3291015625 0.4494875549048316 0.328125 0.438506588579795 0.33154296875 0.42825768667642755 0.34326171875 0.4128843338213763 0.349609375 0.4084919472913616 0.35498046875 0.4084919472913616
0 0.4130859375 0.8096632503660323 0.4189453125 0.8118594436310396 0.42919921875 0.822108345534407 0.45068359375 0.8477306002928258 0.4501953125 0.8528550512445096 0.44384765625 0.8579795021961932 0.42578125 0.8609077598828697 0.4091796875 0.8594436310395315 0.3974609375 0.8543191800878477 0.39306640625 0.849194729136164 0.390625 0.8411420204978038 0.3916015625 0.828696925329429 0.39697265625 0.8184480234260615 0.4052734375 0.8103953147877013 0.41259765625 0.8096632503660323
0 0.31103515625 0.8133235724743777 0.31982421875 0.8169838945827232 0.3271484375 0.8294289897510981 0.3291015625 0.8396778916544656 0.32861328125 0.8528550512445096 0.32470703125 0.8638360175695461 0.3056640625 0.8726207906295754 0.30078125 0.8718887262079063 0.2890625 0.8565153733528551 0.28173828125 0.8396778916544656 0.28369140625 0.8301610541727672 0.28759765625 0.8235724743777453 0.29931640625 0.8147877013177159 0.310546875 0.8133235724743777
0 0.32080078125 0.2591508052708638 0.32421875 0.26720351390922403 0.32470703125 0.28038067349926793 0.3203125 0.29282576866764276 0.31494140625 0.2972181551976574 0.30224609375 0.2935578330893119 0.2958984375 0.28989751098096633 0.2958984375 0.287701317715959 0.29736328125 0.28184480234260617 0.3115234375 0.2613469985358712 0.31689453125 0.25768667642752563 0.3203125 0.2591508052708638
0 0.65771484375 0.3367496339677892 0.67333984375 0.3411420204978038 0.6796875 0.3462664714494876 0.685546875 0.35724743777452417 0.6845703125 0.37554904831625185 0.6748046875 0.38433382137628114 0.66943359375 0.3806734992679356 0.6650390625 0.3726207906295754 0.66552734375 0.3689604685212299 0.658203125 0.3506588579795022 0.65478515625 0.3484626647144949 0.65087890625 0.34992679355783307 0.64404296875 0.3609077598828697 0.6396484375 0.35724743777452417 0.64013671875 0.34699853587115664 0.64404296875 0.3404099560761347 0.650390625 0.33601756954612005 0.6572265625 0.3367496339677892
0 0.482421875 0.17423133235724744 0.509765625 0.1815519765739385 0.52392578125 0.19692532942898974 0.53173828125 0.21522693997071743 0.54931640625 0.21888726207906295 0.5546875 0.23206442166910687 0.55859375 0.23572474377745242 0.56005859375 0.2335285505124451 0.55810546875 0.22986822840409957 0.56591796875 0.2232796486090776 0.57568359375 0.2247437774524158 0.580078125 0.22840409956076135 0.58984375 0.22693997071742314 0.59033203125 0.22986822840409957 0.5791015625 0.23060029282576866 0.58349609375 0.2349926793557833 0.5830078125 0.23938506588579794 0.58544921875 0.24158125915080528 0.591796875 0.2335285505124451 0.59716796875 0.23206442166910687 0.60400390625 0.2349926793557833 0.62109375 0.25109809663250365 0.6513671875 0.28989751098096633 0.6630859375 0.3096632503660322 0.66845703125 0.3206442166910688 0.6669921875 0.3279648609077599 0.66796875 0.33528550512445093 0.68408203125 0.3535871156661786 0.68603515625 0.37042459736456806 0.68115234375 0.3821376281112738 0.685546875 0.38872620790629575 0.68408203125 0.3989751098096633 0.70166015625 0.42313323572474376 0.71044921875 0.4472913616398243 0.71728515625 0.45973645680819913 0.7197265625 0.4912152269399707 0.71875 0.5204978038067349 0.7216796875 0.5373352855051244 0.72021484375 0.568081991215227 0.7216796875 0.5929721815519766 0.7177734375 0.6142020497803806 0.7099609375 0.6266471449487555 0.71240234375 0.6346998535871157 0.70556640625 0.6449487554904831 0.7041015625 0.6632503660322109 0.70556640625 0.6800878477306003 0.703125 0.7064421669106882 0.69287109375 0.718887262079063 0.6953125 0.7335285505124451 0.68701171875 0.7489019033674963 0.6845703125 0.7576866764275256 0.6865234375 0.7613469985358712 0.68115234375 0.7679355783308931 0.67919921875 0.7781844802342606 0.673828125 0.780380673499268 0.66455078125 0.7957540263543191 0.66357421875 0.8008784773060029 0.6650390625 0.8052708638360175 0.66162109375 0.8162518301610542 0.65478515625 0.8206442166910688 0.6533203125 0.8250366032210834 0.64794921875 0.8272327964860908 0.6474609375 0.8404099560761347 0.63671875 0.8601756954612005 0.63232421875 0.8660322108345534 0.6142578125 0.8777452415812591 0.609375 0.8733528550512445 0.5986328125 0.8733528550512445 0.58984375 0.8696925329428989 0.5859375 0.8726207906295754 0.58642578125 0.87701317715959 0.5810546875 0.8748169838945827 0.5869140625 0.890190336749634 0.58251953125 0.9077598828696926 0.57373046875 0.9187408491947291 0.55419921875 0.9304538799414348 0.544921875 0.931185944363104 0.5341796875 0.9202049780380673 0.53173828125 0.9238653001464129 0.5224609375 0.9267935578330894 0.51708984375 0.9377745241581259 0.4970703125 0.9436310395314788 0.4892578125 0.9392386530014641 0.48583984375 0.9399707174231332 0.47802734375 0.9524158125915081 0.47119140625 0.9546120058565154 0.4482421875 0.9524158125915081 0.43701171875 0.945095168374817 0.42626953125 0.9494875549048316 0.39599609375 0.9414348462664714 0.38525390625 0.9333821376281113 0.36279296875 0.9260614934114202 0.35546875 0.9187408491947291 0.3486328125 0.9158125915080527 0.3447265625 0.9062957540263543 0.33984375 0.9019033674963397 0.33056640625 0.9004392386530015 0.3056640625 0.8850658857979502 0.30322265625 0.8784773060029283 0.28466796875 0.8528550512445096 0.27978515625 0.8382137628111274 0.2744140625 0.8301610541727672 0.26806640625 0.8272327964860908 0.2490234375 0.7964860907759883 0.24853515625 0.7913616398243045 0.23486328125 0.7598828696925329 0.2333984375 0.7510980966325037 0.22705078125 0.7415812591508053 0.2275390625 0.7284040995607614 0.2216796875 0.7210834553440703 0.216796875 0.7020497803806734 0.205078125 0.6822840409956076 0.2021484375 0.6625183016105417 0.20361328125 0.6559297218155198 0.201171875 0.6310395314787701 0.20703125 0.6207906295754027 0.20166015625 0.5929721815519766 0.203125 0.5863836017569546 0.19677734375 0.58199121522694 0.2021484375 0.582723279648609 0.20458984375 0.5797950219619327 0.203125 0.554904831625183 0.2060546875 0.5453879941434846 0.20751953125 0.5153733528550513 0.2119140625 0.49633967789165445 0.21728515625 0.48975109809663253 0.21728515625 0.4677891654465593 0.22265625 0.45900439238653 0.216796875 0.45534407027818447 0.21533203125 0.45168374816983897 0.216796875 0.4480234260614934 0.21533203125 0.44363103953147875 0.21875 0.44143484626647145 0.2158203125 0.43045387994143486 0.21875 0.4238653001464129 0.2177734375 0.41947291361639827 0.2197265625 0.4062957540263543 0.22509765625 0.40263543191800877 0.2236328125 0.40043923865300146 0.22412109375 0.3923865300146413 0.22802734375 0.3821376281112738 0.2392578125 0.3857979502196193 0.24365234375 0.3814055636896047 0.24609375 0.3557833089311859 0.25390625 0.35212298682284043 0.25537109375 0.3484626647144949 0.25439453125 0.3418740849194729 0.25830078125 0.3396778916544656 0.26904296875 0.3184480234260615 0.27978515625 0.30600292825768666 0.2783203125 0.29941434846266474 0.2802734375 0.2935578330893119 0.28466796875 0.29062957540263545 0.29638671875 0.28989751098096633 0.29833984375 0.28038067349926793 0.3046875 0.26939970717423134 0.31982421875 0.2562225475841874 0.3125 0.2518301610541728 0.328125 0.24084919472913616 0.33056640625 0.22913616398243045 0.3369140625 0.22181551976573938 0.357421875 0.22035139092240116 0.36083984375 0.2232796486090776 0.36767578125 0.21961932650073207 0.400390625 0.22108345534407028 0.4130859375 0.21742313323572474 0.40771484375 0.2027818448023426 0.41552734375 0.19399707174231332 0.42529296875 0.1903367496339678 0.43798828125 0.1808199121522694 0.4501953125 0.1815519765739385 0.4599609375 0.17715959004392387 0.48193359375 0.17423133235724744
0 0.48291015625 0.9099560761346999 0.4873046875 0.9158125915080527 0.4873046875 0.9341142020497804 0.48193359375 0.9472913616398243 0.47216796875 0.9546120058565154 0.462890625 0.9538799414348462 0.453125 0.9480234260614934 0.447265625 0.9385065885797951 0.447265625 0.9297218155197657 0.45166015625 0.9216691068814056 0.46630859375 0.91800878477306 0.47705078125 0.9099560761346999 0.482421875 0.9099560761346999
0 0.70166015625 0.4494875549048316 0.7099609375 0.4494875549048316 0.71630859375 0.4575402635431918 0.71923828125 0.5051244509516838 0.720703125 0.5710102489019033 0.71875 0.6068814055636896 0.71630859375 0.6193265007320644 0.70703125 0.6244509516837482 0.7021484375 0.623718887262079 0.69970703125 0.6200585651537335 0.6953125 0.5175695461200586 0.6962890625 0.4787701317715959 0.69287109375 0.4699853587115666 0.67919921875 0.4612005856515373 0.6806640625 0.4575402635431918 0.6884765625 0.45314787701317716 0.701171875 0.4494875549048316
0 0.591796875 0.6859443631039531 0.60107421875 0.6888726207906296 0.607421875 0.6998535871156661 0.62109375 0.746705710102489 0.62158203125 0.7562225475841874 0.61962890625 0.7584187408491947 0.6123046875 0.7569546120058566 0.5947265625 0.732796486090776 0.58544921875 0.7144948755490483 0.5751953125 0.7086383601756955 0.57666015625 0.6939970717423133 0.59130859375 0.6866764275256223
0 0.57373046875 0.876281112737921 0.58154296875 0.87701317715959 0.5849609375 0.8814055636896047 0.58642578125 0.8887262079062958 0.58544921875 0.9019033674963397 0.5810546875 0.9106881405563689 0.57373046875 0.91800878477306 0.55126953125 0.931918008784773 0.54443359375 0.9289897510980967 0.53759765625 0.9209370424597365 0.5341796875 0.9121522693997072 0.53466796875 0.9019033674963397 0.5419921875 0.8931185944363104 0.55517578125 0.8850658857979502 0.5615234375 0.876281112737921 0.5654296875 0.8740849194729137 0.5732421875 0.876281112737921
0 0.31298828125 0.6910688140556369 0.34521484375 0.7093704245973645 0.34326171875 0.7166910688140556 0.33154296875 0.7306002928257687 0.32666015625 0.7306002928257687 0.30615234375 0.712298682284041 0.30419921875 0.7064421669106882 0.3046875 0.691800878477306 0.3125 0.6910688140556369
0 0.54931640625 0.21888726207906295 0.55224609375 0.22620790629575402 0.55322265625 0.23645680819912152 0.53759765625 0.2540263543191801 0.51904296875 0.26720351390922403 0.51416015625 0.2657393850658858 0.5166015625 0.24743777452415813 0.513671875 0.22986822840409957 0.53125 0.21669106881405564 0.548828125 0.21888726207906295
0 0.572265625 0.636896046852123 0.591796875 0.6544655929721815 0.60302734375 0.6493411420204978 0.60595703125 0.6581259150805271 0.60595703125 0.6691068814055637 0.60302734375 0.6771595900439239 0.591796875 0.6866764275256223 0.58447265625 0.6896046852122987 0.57275390625 0.6888726207906296 0.56689453125 0.6837481698389458 0.5615234375 0.671303074670571 0.55859375 0.6551976573938506 0.560546875 0.6478770131771596 0.57177734375 0.637628111273792
0 0.44189453125 0.7064421669106882 0.4931640625 0.7247437774524158 0.50244140625 0.726207906295754 0.51318359375 0.7232796486090776 0.5224609375 0.7254758418740849 0.52734375 0.7342606149341142 0.52978515625 0.753294289897511 0.51904296875 0.7891654465592972 0.5166015625 0.7928257686676428 0.51025390625 0.7935578330893118 0.490234375 0.7862371888726208 0.48388671875 0.7781844802342606 0.47607421875 0.7613469985358712 0.4697265625 0.7540263543191801 0.45654296875 0.7489019033674963 0.44921875 0.7503660322108345 0.44384765625 0.7569546120058566 0.4404296875 0.7730600292825769 0.4404296875 0.7869692532942899 0.44580078125 0.8111273792093704 0.43505859375 0.8155197657393851 0.4248046875 0.8067349926793558 0.421875 0.8089311859443631 0.421875 0.8038067349926794 0.41650390625 0.794289897510981 0.416015625 0.773792093704246 0.42236328125 0.7489019033674963 0.4267578125 0.7166910688140556 0.43115234375 0.7079062957540263 0.44140625 0.7064421669106882
0 0.47607421875 0.5622254758418741 0.4853515625 0.5651537335285505 0.49462890625 0.5775988286969254 0.50439453125 0.5849194729136163 0.5546875 0.636896046852123 0.55712890625 0.6464128843338214 0.556640625 0.6566617862371888 0.55322265625 0.6691068814055637 0.54638671875 0.6822840409956076 0.5390625 0.6881405563689604 0.53076171875 0.6852122986822841 0.50048828125 0.6471449487554904 0.482421875 0.609809663250366 0.46435546875 0.5929721815519766 0.462890625 0.5871156661786238 0.46533203125 0.5768667642752562 0.47119140625 0.5658857979502196 0.4755859375 0.5629575402635432
0 0.56201171875 0.23938506588579794 0.5751953125 0.246705710102489 0.57861328125 0.25329428989751096 0.58251953125 0.2686676427525622 0.5810546875 0.28330893118594436 0.5380859375 0.3235724743777452 0.52294921875 0.33382137628111275 0.4970703125 0.34333821376281115 0.48876953125 0.3404099560761347 0.4814453125 0.3294289897510981 0.4814453125 0.32430453879941434 0.490234375 0.3103953147877013 0.49951171875 0.2891654465592972 0.521484375 0.26500732064421667 0.55029296875 0.24084919472913616 0.55517578125 0.23792093704245973 0.5615234375 0.23938506588579794
0 0.5654296875 0.5161054172767203 0.57666015625 0.5292825768667643 0.580078125 0.5366032210834554 0.58251953125 0.5475841874084919 0.58154296875 0.5614934114202049 0.57568359375 0.5783308931185944 0.564453125 0.5900439238653001 0.55712890625 0.6017569546120058 0.54248046875 0.6156661786237189 0.53466796875 0.6127379209370425 0.52734375 0.6032210834553441 0.51953125 0.5885797950219619 0.51806640625 0.5812591508052709 0.537109375 0.5431918008784773 0.55615234375 0.5190336749633968 0.56494140625 0.5161054172767203
0 0.5068359375 0.1800878477306003 0.51513671875 0.18521229868228403 0.52099609375 0.1925329428989751 0.52685546875 0.20717423133235724 0.52587890625 0.21815519765739386 0.513671875 0.22767203513909223 0.4951171875 0.2232796486090776 0.49169921875 0.21888726207906295 0.4970703125 0.2020497803806735 0.498046875 0.18887262079062958 0.49609375 0.17789165446559296 0.501953125 0.17642752562225475 0.50634765625 0.1800878477306003
0 0.3359375 0.849194729136164 0.34326171875 0.8513909224011713 0.36328125 0.8799414348462665 0.37548828125 0.8850658857979502 0.3876953125 0.8850658857979502 0.39404296875 0.8975109809663251 0.39892578125 0.9121522693997072 0.3984375 0.9158125915080527 0.38525390625 0.9304538799414348 0.37841796875 0.9304538799414348 0.3671875 0.9143484626647145 0.3583984375 0.8953147877013177 0.3427734375 0.8704245973645681 0.33642578125 0.8499267935578331
0 0.55419921875 0.753294289897511 0.5595703125 0.7591508052708639 0.56787109375 0.7767203513909224 0.57666015625 0.7847730600292826 0.57958984375 0.7920937042459737 0.5732421875 0.801610541727672 0.57373046875 0.808199121522694 0.5849609375 0.8162518301610542 0.61181640625 0.8579795021961932 0.61328125 0.8674963396778916 0.6083984375 0.8711566617862372 0.59716796875 0.8704245973645681 0.58642578125 0.8638360175695461 0.5810546875 0.8550512445095169 0.56689453125 0.8404099560761347 0.560546875 0.8279648609077599 0.546875 0.8140556368960469 0.53369140625 0.7891654465592972 0.53369140625 0.780380673499268 0.5380859375 0.7686676427525623 0.54296875 0.760614934114202 0.5537109375 0.753294289897511
0 0.482421875 0.17423133235724744 0.490234375 0.17642752562225475 0.49560546875 0.18301610541727673 0.49755859375 0.1925329428989751 0.4951171875 0.21010248901903367 0.48095703125 0.22913616398243045 0.458984375 0.23645680819912152 0.44091796875 0.23060029282576866 0.43115234375 0.21961932650073207 0.41943359375 0.21376281112737922 0.4150390625 0.20790629575402636 0.41552734375 0.19912152269399708 0.4208984375 0.191800878477306 0.43701171875 0.18374816983894582 0.48193359375 0.17423133235724744