0 0.66796875 0.30380673499267935 0.67578125 0.31478770131771594 0.68359375 0.33382137628111275 0.68994140625 0.34333821376281115 0.7099609375 0.36383601756954614 0.71875 0.3762811127379209 0.72412109375 0.3857979502196193 0.72607421875 0.39751098096632503 0.7236328125 0.40043923865300146 0.701171875 0.40702781844802344 0.69091796875 0.40483162518301613 0.68115234375 0.3989751098096633 0.6533203125 0.369692532942899 0.65234375 0.3535871156661786 0.64892578125 0.34553440702781846 0.6494140625 0.33821376281112736 0.66455078125 0.3052708638360176 0.66748046875 0.30453879941434847
0 0.49560546875 0.8294289897510981 0.50341796875 0.8367496339677891 0.51708984375 0.8587115666178624 0.51611328125 0.8733528550512445 0.5126953125 0.8799414348462665 0.49658203125 0.8857979502196194 0.4833984375 0.8828696925329429 0.4794921875 0.8784773060029283 0.47607421875 0.8689604685212299 0.4775390625 0.8455344070278185 0.486328125 0.8308931185944363 0.4951171875 0.8294289897510981
0 0.3076171875 0.5739385065885798 0.36328125 0.6112737920937042 0.3857421875 0.6295754026354319 0.38720703125 0.6361639824304539 0.38623046875 0.6442166910688141 0.38037109375 0.6544655929721815 0.37939453125 0.6610541727672035 0.380859375 0.6749633967789166 0.375 0.6815519765739385 0.32763671875 0.6625183016105417 0.31982421875 0.6486090775988287 0.310546875 0.6383601756954612 0.3017578125 0.623718887262079 0.294921875 0.6002928257686676 0.29541015625 0.5900439238653001 0.30078125 0.5775988286969254 0.30712890625 0.5739385065885798
0 0.6025390625 0.2957540263543192 0.609375 0.3001464128843338 0.6201171875 0.3140556368960469 0.6279296875 0.33455344070278187 0.62841796875 0.34333821376281115 0.611328125 0.36822840409956076 0.5888671875 0.41947291361639827 0.583984375 0.4260614934114202 0.578125 0.4289897510980966 0.57080078125 0.4260614934114202 0.560546875 0.41654465592972184 0.55322265625 0.4062957540263543 0.55029296875 0.39604685212298685 0.568359375 0.35212298682284043 0.5703125 0.34260614934114203 0.59033203125 0.3008784773060029 0.59521484375 0.29502196193265007 0.60205078125 0.2957540263543192
0 0.310546875 0.43704245973645683 0.31591796875 0.4560761346998536 0.31884765625 0.4773060029282577 0.31884765625 0.5014641288433382 0.30908203125 0.5095168374816984 0.29541015625 0.5263543191800878 0.28759765625 0.5314787701317716 0.28271484375 0.5314787701317716 0.28125 0.527818448023426 0.27734375 0.5014641288433382 0.2705078125 0.47364568081991215 0.26953125 0.4568081991215227 0.27490234375 0.45021961932650073 0.29931640625 0.4377745241581259 0.31005859375 0.43704245973645683
0 0.513671875 0.47584187408491946 0.5361328125 0.4890190336749634 0.546875 0.48535871156661786 0.55419921875 0.4970717423133236 0.55322265625 0.5065885797950219 0.55029296875 0.5043923865300146 0.54833984375 0.5109809663250366 0.54931640625 0.5226939970717424 0.54638671875 0.5292825768667643 0.533203125 0.54099560761347 0.529296875 0.541727672035139 0.51953125 0.5329428989751098 0.521484375 0.5263543191800878 0.5205078125 0.5219619326500732 0.51123046875 0.5073206442166911 0.5078125 0.479502196193265 0.51171875 0.4743777452415813 0.51318359375 0.47584187408491946
0 0.607421875 0.24963396778916544 0.61572265625 0.2547584187408492 0.642578125 0.28184480234260617 0.65234375 0.2972181551976574 0.65478515625 0.3089311859443631 0.65380859375 0.3206442166910688 0.6484375 0.33528550512445093 0.64404296875 0.33821376281112736 0.63037109375 0.3308931185944363 0.61279296875 0.30161054172767204 0.60107421875 0.29282576866764276 0.599609375 0.287701317715959 0.58154296875 0.26207906295754024 0.5849609375 0.2540263543191801 0.5927734375 0.24597364568081992 0.59716796875 0.2452415812591508 0.60693359375 0.24963396778916544
0 0.708984375 0.4216691068814056 0.712890625 0.424597364568082 0.7158203125 0.43191800878477304 0.71630859375 0.47364568081991215 0.7236328125 0.568081991215227 0.71923828125 0.5812591508052709 0.708984375 0.5893118594436311 0.70166015625 0.5915080527086384 0.69140625 0.5900439238653001 0.6875 0.5856515373352855 0.6884765625 0.5622254758418741 0.6845703125 0.5256222547584187 0.6845703125 0.5073206442166911 0.6748046875 0.47364568081991215 0.6728515625 0.43923865300146414 0.67822265625 0.42752562225475843 0.69384765625 0.41800878477306 0.7021484375 0.41800878477306 0.70849609375 0.4216691068814056
0 0.46240234375 0.5453879941434846 0.48388671875 0.5651537335285505 0.4990234375 0.5746705710102489 0.50341796875 0.58199121522694 0.50146484375 0.5893118594436311 0.4921875 0.5951683748169839 0.48583984375 0.6090775988286969 0.484375 0.6193265007320644 0.4814453125 0.6215226939970717 0.47705078125 0.6200585651537335 0.47314453125 0.6142020497803806 0.4599609375 0.5871156661786238 0.45458984375 0.5644216691068814 0.4541015625 0.5490483162518301 0.45556640625 0.5439238653001464 0.4619140625 0.5453879941434846
0 0.61474609375 0.3623718887262079 0.6240234375 0.35431918008784774 0.634765625 0.3535871156661786 0.63623046875 0.3623718887262079 0.6396484375 0.36603221083455345 0.63427734375 0.424597364568082 0.61376953125 0.45241581259150804 0.60302734375 0.45534407027818447 0.6005859375 0.45095168374816985 0.599609375 0.43923865300146414 0.60107421875 0.4019033674963397 0.61474609375 0.363103953147877
0 0.4326171875 0.49194729136163984 0.44091796875 0.5021961932650073 0.44775390625 0.5197657393850659 0.45458984375 0.5490483162518301 0.45556640625 0.5666178623718887 0.458984375 0.5775988286969254 0.4609375 0.5995607613469985 0.45947265625 0.6054172767203514 0.451171875 0.6127379209370425 0.4287109375 0.6178623718887262 0.42138671875 0.616398243045388 0.416015625 0.6090775988286969 0.41357421875 0.5336749633967789 0.4169921875 0.5080527086383602 0.42333984375 0.4970717423133236 0.43212890625 0.49194729136163984
0 0.31982421875 0.5058565153733529 0.32666015625 0.5087847730600292 0.3310546875 0.5153733528550513 0.34765625 0.5556368960468521 0.34765625 0.5658857979502196 0.33984375 0.5732064421669106 0.322265625 0.5797950219619327 0.30322265625 0.5732064421669106 0.29638671875 0.5841874084919473 0.29052734375 0.5856515373352855 0.26953125 0.5746705710102489 0.26708984375 0.5658857979502196 0.267578125 0.5534407027818448 0.27490234375 0.5424597364568082 0.29541015625 0.527086383601757 0.30859375 0.5102489019033675 0.3193359375 0.5058565153733529
0 0.61328125 0.6727672035139092 0.6376953125 0.7064421669106882 0.6826171875 0.7862371888726208 0.6826171875 0.7972181551976574 0.6787109375 0.8067349926793558 0.66845703125 0.822108345534407 0.66064453125 0.8279648609077599 0.654296875 0.8250366032210834 0.61865234375 0.7686676427525623 0.6201171875 0.760614934114202 0.62744140625 0.7547584187408491 0.62744140625 0.7445095168374817 0.619140625 0.7437774524158126 0.615234375 0.7401171303074671 0.61279296875 0.7452415812591509 0.611328125 0.7415812591508053 0.59814453125 0.7306002928257687 0.5888671875 0.7137628111273792 0.58837890625 0.7027818448023426 0.59130859375 0.6932650073206442 0.60205078125 0.6749633967789166 0.61279296875 0.6727672035139092
0 0.50927734375 0.1903367496339678 0.5166015625 0.19326500732064422 0.5205078125 0.19912152269399708 0.5244140625 0.20937042459736457 0.52490234375 0.21888726207906295 0.5126953125 0.25109809663250365 0.50244140625 0.27232796486090777 0.498046875 0.2767203513909224 0.4814453125 0.27232796486090777 0.47216796875 0.26061493411420206 0.47021484375 0.24963396778916544 0.4794921875 0.21595900439238652 0.49365234375 0.19692532942898974 0.5009765625 0.191800878477306 0.5087890625 0.1903367496339678
0 0.611328125 0.191800878477306 0.6337890625 0.21156661786237188 0.6806640625 0.27232796486090777 0.681640625 0.2759882869692533 0.67578125 0.2884333821376281 0.66162109375 0.2913616398243045 0.6533203125 0.28989751098096633 0.6328125 0.27159590043923865 0.59765625 0.2240117130307467 0.59423828125 0.2144948755490483 0.59423828125 0.2042459736456808 0.60302734375 0.19326500732064422 0.61083984375 0.191800878477306
0 0.28662109375 0.6412884333821376 0.30419921875 0.6581259150805271 0.31201171875 0.671303074670571 0.3115234375 0.6888726207906296 0.31396484375 0.7027818448023426 0.310546875 0.7108345534407028 0.3046875 0.7144948755490483 0.29248046875 0.7144948755490483 0.2763671875 0.7101024890190337 0.26220703125 0.6991215226939971 0.2568359375 0.6910688140556369 0.25634765625 0.6793557833089312 0.26025390625 0.664714494875549 0.275390625 0.6471449487554904 0.2861328125 0.6412884333821376
0 0.380859375 0.25841874084919475 0.38623046875 0.2613469985358712 0.39404296875 0.27159590043923865 0.3955078125 0.3184480234260615 0.38720703125 0.34773060029282576 0.37939453125 0.3601756954612006 0.37744140625 0.36749633967789164 0.37060546875 0.3740849194729136 0.36572265625 0.3711566617862372 0.35888671875 0.3579795021961933 0.35546875 0.2847730600292826 0.3583984375 0.2745241581259151 0.36572265625 0.2642752562225476 0.38037109375 0.25841874084919475
0 0.28076171875 0.43265007320644217 0.28564453125 0.4355783308931186 0.2880859375 0.44216691068814057 0.27001953125 0.4568081991215227 0.26953125 0.465592972181552 0.2734375 0.479502196193265 0.2744140625 0.493411420204978 0.2724609375 0.4992679355783309 0.263671875 0.5073206442166911 0.2548828125 0.5043923865300146 0.24755859375 0.49414348462664714 0.23974609375 0.47291361639824303 0.2392578125 0.46266471449487556 0.244140625 0.45314787701317716 0.26123046875 0.4377745241581259 0.267578125 0.4341142020497804 0.2802734375 0.43265007320644217
0 0.3916015625 0.7620790629575402 0.39404296875 0.7613469985358712 0.4013671875 0.7708638360175696 0.41455078125 0.7994143484626647 0.4189453125 0.7979502196193266 0.423828125 0.8030746705710102 0.4326171875 0.835285505124451 0.4296875 0.8499267935578331 0.419921875 0.8565153733528551 0.40869140625 0.8565153733528551 0.39990234375 0.8528550512445096 0.392578125 0.842606149341142 0.38916015625 0.828696925329429 0.38525390625 0.7935578330893118 0.38623046875 0.7723279648609077 0.3916015625 0.7628111273792094
0 0.4921875 0.6281112737920937 0.5009765625 0.6310395314787701 0.53662109375 0.6325036603221084 0.55078125 0.6420204978038068 0.5556640625 0.6544655929721815 0.5517578125 0.6815519765739385 0.5498046875 0.6837481698389458 0.5390625 0.6822840409956076 0.5244140625 0.6852122986822841 0.4755859375 0.6727672035139092 0.4599609375 0.6734992679355783 0.4560546875 0.6683748169838946 0.45556640625 0.6581259150805271 0.4609375 0.6544655929721815 0.4638671875 0.6456808199121523 0.47314453125 0.6405563689604685 0.48193359375 0.6295754026354319 0.49169921875 0.6281112737920937
0 0.72802734375 0.5856515373352855 0.7294921875 0.5885797950219619 0.728515625 0.6054172767203514 0.7236328125 0.6156661786237189 0.677734375 0.6398243045387995 0.66796875 0.6383601756954612 0.65576171875 0.6266471449487555 0.65380859375 0.6200585651537335 0.654296875 0.6083455344070278 0.65771484375 0.5973645680819912 0.66552734375 0.6024890190336749 0.67041015625 0.6024890190336749 0.67822265625 0.5995607613469985 0.685546875 0.5900439238653001 0.70654296875 0.5929721815519766 0.7177734375 0.5863836017569546 0.7275390625 0.5856515373352855
0 0.404296875 0.5285505124450952 0.408203125 0.5329428989751098 0.41064453125 0.5431918008784773 0.41552734375 0.6054172767203514 0.42529296875 0.6288433382137628 0.42919921875 0.6852122986822841 0.42822265625 0.6954612005856515 0.42578125 0.7005856515373353 0.40283203125 0.7027818448023426 0.39453125 0.7005856515373353 0.392578125 0.6969253294289898 0.38916015625 0.6756954612005857 0.388671875 0.6354319180087847 0.38232421875 0.6127379209370425 0.37158203125 0.5490483162518301 0.3759765625 0.5431918008784773 0.40380859375 0.5285505124450952
0 0.48779296875 0.7174231332357247 0.49755859375 0.719619326500732 0.50634765625 0.726207906295754 0.52294921875 0.760614934114202 0.5380859375 0.822108345534407 0.53955078125 0.83601756954612 0.53662109375 0.8484626647144948 0.52734375 0.8557833089311859 0.5185546875 0.8572474377745242 0.5009765625 0.8345534407027818 0.49658203125 0.8089311859443631 0.48046875 0.7723279648609077 0.47509765625 0.7525622254758418 0.474609375 0.7423133235724744 0.47705078125 0.7269399707174231 0.482421875 0.719619326500732 0.4873046875 0.7181551976573939
0 0.580078125 0.6537335285505125 0.59228515625 0.664714494875549 0.59765625 0.6749633967789166 0.59765625 0.678623718887262 0.5888671875 0.6961932650073206 0.5859375 0.7152269399707174 0.5751953125 0.7210834553440703 0.5625 0.7086383601756955 0.556640625 0.6881405563689604 0.5703125 0.671303074670571 0.56787109375 0.6661786237188873 0.56982421875 0.6588579795021962 0.57421875 0.6537335285505125 0.57958984375 0.6537335285505125
0 0.46826171875 0.26207906295754024 0.47509765625 0.26500732064421667 0.48095703125 0.29282576866764276 0.4833984375 0.32650073206442165 0.48779296875 0.35431918008784774 0.4853515625 0.3726207906295754 0.4814453125 0.37701317715959004 0.4736328125 0.3726207906295754 0.4677734375 0.3557833089311859 0.45458984375 0.3389458272327965 0.44970703125 0.31551976573938506 0.44970703125 0.3008784773060029 0.4541015625 0.27232796486090777 0.45947265625 0.2642752562225476 0.4677734375 0.26207906295754024
0 0.38671875 0.6749633967789166 0.39111328125 0.6844802342606149 0.392578125 0.6969253294289898 0.3955078125 0.7005856515373353 0.4072265625 0.7042459736456809 0.42236328125 0.7035139092240117 0.42626953125 0.7071742313323572 0.4306640625 0.7650073206442167 0.43505859375 0.7825768667642753 0.4287109375 0.7898975109809663 0.41943359375 0.7950219619326501 0.412109375 0.7935578330893118 0.4072265625 0.7847730600292826 0.38623046875 0.7284040995607614 0.37841796875 0.6932650073206442 0.37939453125 0.6837481698389458 0.3837890625 0.6749633967789166 0.38623046875 0.6749633967789166
0 0.5087890625 0.3557833089311859 0.515625 0.363103953147877 0.52587890625 0.3806734992679356 0.53662109375 0.4143484626647145 0.54150390625 0.42093704245973645 0.54736328125 0.44216691068814057 0.55029296875 0.4707174231332357 0.54443359375 0.4838945827232797 0.5400390625 0.4868228404099561 0.5361328125 0.4868228404099561 0.525390625 0.4787701317715959 0.51708984375 0.4773060029282577 0.5126953125 0.4707174231332357 0.5146484375 0.45534407027818447 0.52392578125 0.42972181551976574 0.52587890625 0.410688140556369 0.52099609375 0.40263543191800877 0.5029296875 0.3916544655929722 0.49658203125 0.3828696925329429 0.49560546875 0.3594436310395315 0.5 0.35431918008784774 0.50830078125 0.3557833089311859
0 0.30908203125 0.2708638360175695 0.3388671875 0.2862371888726208 0.34130859375 0.2979502196193265 0.33544921875 0.33455344070278187 0.322265625 0.3938506588579795 0.30712890625 0.42972181551976574 0.29736328125 0.43704245973645683 0.2900390625 0.4363103953147877 0.275390625 0.4260614934114202 0.271484375 0.42093704245973645 0.27001953125 0.410688140556369 0.27197265625 0.3967789165446559 0.28125 0.369692532942899 0.29150390625 0.32723279648609077 0.29150390625 0.3096632503660322 0.29638671875 0.2781844802342606 0.29931640625 0.2708638360175695 0.30859375 0.2708638360175695
0 0.669921875 0.4838945827232797 0.6806640625 0.4978038067349927 0.68359375 0.5146412884333821 0.68310546875 0.5219619326500732 0.66357421875 0.5483162518301611 0.64306640625 0.58199121522694 0.6376953125 0.5863836017569546 0.6357421875 0.5841874084919473 0.63818359375 0.5483162518301611 0.646484375 0.5263543191800878 0.64111328125 0.5073206442166911 0.6435546875 0.5007320644216691 0.6533203125 0.4882869692532943 0.6640625 0.48096632503660325 0.66943359375 0.4838945827232797
0 0.64208984375 0.513909224011713 0.64794921875 0.5256222547584187 0.64453125 0.5380673499267935 0.6396484375 0.5468521229868228 0.63671875 0.5878477306002928 0.63037109375 0.6054172767203514 0.62158203125 0.6120058565153733 0.60498046875 0.6039531478770132 0.59130859375 0.5797950219619327 0.59130859375 0.5695461200585652 0.5966796875 0.5571010248901903 0.60595703125 0.5483162518301611 0.6162109375 0.5329428989751098 0.63427734375 0.5153733528550513 0.63916015625 0.5124450951683748 0.6416015625 0.513909224011713
0 0.306640625 0.5702781844802343 0.318359375 0.5739385065885798 0.3134765625 0.5746705710102489 0.31201171875 0.5717423133235725 0.30712890625 0.5710102489019033
0 0.6650390625 0.48096632503660325 0.6728515625 0.4868228404099561 0.68017578125 0.4970717423133236 0.68359375 0.5102489019033675 0.68359375 0.5219619326500732 0.65576171875 0.5592972181551976 0.6455078125 0.5783308931185944 0.63525390625 0.5915080527086384 0.62939453125 0.6061493411420205 0.62353515625 0.6105417276720352 0.6083984375 0.6061493411420205 0.5986328125 0.5929721815519766 0.59228515625 0.5783308931185944 0.59423828125 0.5636896046852123 0.61376953125 0.5358711566617862 0.6376953125 0.5109809663250366 0.6474609375 0.493411420204978 0.6611328125 0.48096632503660325 0.66455078125 0.48096632503660325
0 0.43603515625 0.36822840409956076 0.4462890625 0.3726207906295754 0.4736328125 0.37481698389458273 0.5244140625 0.4055636896046852 0.5263671875 0.41142020497803805 0.52587890625 0.41947291361639827 0.513671875 0.46046852122986826 0.50830078125 0.4699853587115666 0.5009765625 0.4677891654465593 0.4501953125 0.42972181551976574 0.421875 0.4143484626647145 0.4208984375 0.40775988286969256 0.42431640625 0.39092240117130306 0.431640625 0.37042459736456806 0.435546875 0.36822840409956076
0 0.443359375 0.8484626647144948 0.44384765625 0.8543191800878477 0.44921875 0.8667642752562226 0.45654296875 0.8711566617862372 0.46728515625 0.8696925329428989 0.47412109375 0.8718887262079063 0.48486328125 0.8894582723279648 0.48388671875 0.9004392386530015 0.48095703125 0.9048316251830161 0.47216796875 0.9143484626647145 0.46240234375 0.917276720351391 0.44921875 0.9150805270863837 0.44189453125 0.8997071742313324 0.43505859375 0.8682284040995608 0.43408203125 0.8543191800878477 0.4365234375 0.8499267935578331 0.44287109375 0.8484626647144948
0 0.37353515625 0.38433382137628114 0.40234375 0.4216691068814056 0.41162109375 0.43045387994143486 0.4384765625 0.4751098096632504 0.4375 0.4802342606149341 0.431640625 0.4882869692532943 0.41455078125 0.5051244509516838 0.404296875 0.5102489019033675 0.400390625 0.5087847730600292 0.373046875 0.4685212298682284 0.3662109375 0.46193265007320644 0.35791015625 0.44875549048316254 0.34814453125 0.4260614934114202 0.3466796875 0.4150805270863836 0.349609375 0.40483162518301613 0.36328125 0.38653001464128844 0.3681640625 0.383601756954612 0.373046875 0.38433382137628114
0 0.4521484375 0.781112737920937 0.484375 0.8103953147877013 0.4873046875 0.8169838945827232 0.4853515625 0.822108345534407 0.48046875 0.8257686676427526 0.462890625 0.8301610541727672 0.44580078125 0.8294289897510981 0.43408203125 0.8250366032210834 0.4296875 0.8206442166910688 0.4267578125 0.8125915080527086 0.42724609375 0.8001464128843339 0.435546875 0.7847730600292826 0.4443359375 0.7796486090775988 0.45166015625 0.781112737920937
0 0.353515625 0.7928257686676428 0.35693359375 0.7950219619326501 0.36376953125 0.808199121522694 0.36474609375 0.8338213762811127 0.3583984375 0.842606149341142 0.34326171875 0.8499267935578331 0.33837890625 0.849194729136164 0.32421875 0.8323572474377745 0.31982421875 0.8243045387994143 0.318359375 0.8140556368960469 0.3232421875 0.8023426061493412 0.33447265625 0.7928257686676428 0.34033203125 0.7906295754026355 0.35302734375 0.7928257686676428
0 0.32861328125 0.23572474377745242 0.33154296875 0.23718887262079064 0.3349609375 0.2445095168374817 0.3359375 0.25841874084919475 0.33154296875 0.27232796486090777 0.3271484375 0.2752562225475842 0.310546875 0.2708638360175695 0.3076171875 0.26720351390922403 0.31689453125 0.24816983894582723 0.32373046875 0.23792093704245973 0.328125 0.23572474377745242
0 0.6708984375 0.29209370424597364 0.6884765625 0.2964860907759883 0.69921875 0.3103953147877013 0.69921875 0.328696925329429 0.69580078125 0.33455344070278187 0.68994140625 0.33821376281112736 0.68310546875 0.3330893118594436 0.6767578125 0.31551976573938506 0.669921875 0.30453879941434847 0.66455078125 0.3052708638360176 0.658203125 0.3169838945827233 0.65380859375 0.3140556368960469 0.6533203125 0.3052708638360176 0.6572265625 0.2964860907759883 0.6630859375 0.29209370424597364 0.67041015625 0.29209370424597364
0 0.49267578125 0.14202049780380674 0.51611328125 0.14714494875549047 0.529296875 0.15885797950219618 0.53955078125 0.17935578330893118 0.55712890625 0.1815519765739385 0.5634765625 0.19472913616398244 0.5673828125 0.19765739385065886 0.56884765625 0.19546120058565153 0.56689453125 0.191800878477306 0.57421875 0.18521229868228403 0.58837890625 0.18887262079062958 0.59912109375 0.18814055636896046 0.59814453125 0.1903367496339678 0.58740234375 0.191800878477306 0.591796875 0.19472913616398244 0.591796875 0.19985358711566617 0.59423828125 0.2020497803806735 0.6005859375 0.19326500732064422 0.61279296875 0.19399707174231332 0.63037109375 0.20937042459736457 0.66259765625 0.24597364568081992 0.6796875 0.27232796486090777 0.6806640625 0.28989751098096633 0.6962890625 0.30380673499267935 0.7001953125 0.3169838945827233 0.7001953125 0.32503660322108346 0.6962890625 0.33528550512445093 0.6962890625 0.33821376281112736 0.70068359375 0.3418740849194729 0.69970703125 0.35212298682284043 0.71826171875 0.37554904831625185 0.7353515625 0.410688140556369 0.7392578125 0.44216691068814057 0.73974609375 0.47144948755490484 0.7431640625 0.48755490483162517 0.7431640625 0.5204978038067349 0.74560546875 0.54099560761347 0.74267578125 0.5651537335285505 0.73583984375 0.5775988286969254 0.73828125 0.5856515373352855 0.73193359375 0.5966325036603221 0.732421875 0.657393850658858 0.73046875 0.6625183016105417 0.72265625 0.6705710102489019 0.7255859375 0.6852122986822841 0.71875 0.6991215226939971 0.71630859375 0.7093704245973645 0.71826171875 0.7137628111273792 0.71337890625 0.7203513909224012 0.7119140625 0.7306002928257687 0.70654296875 0.7335285505124451 0.6982421875 0.7481698389458272 0.697265625 0.7547584187408491 0.69873046875 0.7584187408491947 0.69580078125 0.7701317715959004 0.6826171875 0.7818448023426061 0.68212890625 0.7972181551976574 0.673828125 0.8140556368960469 0.6689453125 0.821376281112738 0.6513671875 0.8345534407027818 0.646484375 0.8301610541727672 0.6357421875 0.8308931185944363 0.62646484375 0.8279648609077599 0.623046875 0.8308931185944363 0.62353515625 0.835285505124451 0.6181640625 0.8338213762811127 0.62451171875 0.8484626647144948 0.62109375 0.8660322108345534 0.61279296875 0.8777452415812591 0.59375 0.8909224011713031 0.58447265625 0.8923865300146413 0.57421875 0.8814055636896047 0.5712890625 0.8857979502196194 0.56201171875 0.8894582723279648 0.55908203125 0.8982430453879942 0.55029296875 0.9048316251830161 0.53759765625 0.9077598828696926 0.52587890625 0.9048316251830161 0.5185546875 0.91800878477306 0.51220703125 0.9202049780380673 0.48681640625 0.9194729136163983 0.47900390625 0.9136163982430454 0.470703125 0.91800878477306 0.4599609375 0.91800878477306 0.44677734375 0.9128843338213762 0.4384765625 0.9128843338213762 0.42529296875 0.9048316251830161 0.4052734375 0.9004392386530015 0.38818359375 0.890190336749634 0.380859375 0.8777452415812591 0.36181640625 0.8726207906295754 0.35302734375 0.8653001464128843 0.34423828125 0.862371888726208 0.33935546875 0.8528550512445096 0.32177734375 0.8316251830161054 0.31494140625 0.8155197657393851 0.310546875 0.8096632503660323 0.3037109375 0.8067349926793558 0.29248046875 0.787701317715959 0.28369140625 0.7774524158125915 0.26806640625 0.7423133235724744 0.26611328125 0.7335285505124451 0.25927734375 0.7240117130307467 0.2587890625 0.7101024890190337 0.2529296875 0.7042459736456809 0.24755859375 0.6859443631039531 0.23486328125 0.6669106881405563 0.23095703125 0.6471449487554904 0.23193359375 0.6405563689604685 0.228515625 0.6178623718887262 0.23388671875 0.6054172767203514 0.2275390625 0.5783308931185944 0.228515625 0.5710102489019033 0.22705078125 0.568081991215227 0.22216796875 0.5673499267935578 0.2275390625 0.5673499267935578 0.2294921875 0.5644216691068814 0.22705078125 0.5395314787701317 0.22998046875 0.5234260614934114 0.22998046875 0.4970717423133236 0.2333984375 0.48096632503660325 0.23828125 0.47364568081991215 0.23681640625 0.4546120058565154 0.2421875 0.4428989751098097 0.234375 0.4355783308931186 0.236328125 0.43191800878477304 0.234375 0.42825768667642755 0.23779296875 0.4253294289897511 0.234375 0.41654465592972184 0.2373046875 0.40775988286969256 0.236328125 0.3938506588579795 0.23779296875 0.38799414348462663 0.2421875 0.38653001464128844 0.24072265625 0.38433382137628114 0.2421875 0.37994143484626647 0.2412109375 0.3733528550512445 0.244140625 0.36603221083455345 0.25537109375 0.3689604685212299 0.259765625 0.36383601756954614 0.26123046875 0.33821376281112736 0.26953125 0.3330893118594436 0.26904296875 0.3235724743777452 0.27392578125 0.3191800878477306 0.2841796875 0.2964860907759883 0.28857421875 0.2935578330893119 0.28857421875 0.28989751098096633 0.29248046875 0.2862371888726208 0.291015625 0.28038067349926793 0.29248046875 0.27379209370424595 0.2998046875 0.27013177159590046 0.3076171875 0.27013177159590046 0.3154296875 0.24890190336749635 0.330078125 0.2342606149341142 0.32275390625 0.23060029282576866 0.337890625 0.21815519765739386 0.33984375 0.20644216691068815 0.3466796875 0.19838945827232796 0.36572265625 0.19619326500732065 0.36962890625 0.19838945827232796 0.37939453125 0.19399707174231332 0.40869140625 0.19399707174231332 0.421875 0.18960468521229867 0.41552734375 0.17496339677891654 0.41796875 0.1698389458272328 0.4267578125 0.16325036603221083 0.43212890625 0.1617862371888726 0.44580078125 0.15080527086383602 0.45361328125 0.15153733528550511 0.46630859375 0.14641288433382138 0.4921875 0.14202049780380674
0 0.52294921875 0.8755490483162518 0.52685546875 0.883601756954612 0.52783203125 0.8967789165446559 0.5263671875 0.9026354319180088 0.51904296875 0.917276720351391 0.509765625 0.9209370424597365 0.50146484375 0.9194729136163983 0.49072265625 0.9121522693997072 0.4873046875 0.9048316251830161 0.4873046875 0.8967789165446559 0.4912109375 0.8887262079062958 0.509765625 0.8821376281112738 0.51611328125 0.8755490483162518 0.5224609375 0.8755490483162518
0 0.72705078125 0.40043923865300146 0.734375 0.4084919472913616 0.73828125 0.44143484626647145 0.74365234375 0.5197657393850659 0.74365234375 0.5571010248901903 0.7412109375 0.5710102489019033 0.73291015625 0.575402635431918 0.7275390625 0.575402635431918 0.72509765625 0.5717423133235725 0.71630859375 0.4699853587115666 0.71533203125 0.431185944363104 0.71142578125 0.4224011713030747 0.697265625 0.4143484626647145 0.69921875 0.410688140556369 0.7099609375 0.404099560761347 0.7265625 0.4011713030746706
0 0.62744140625 0.6456808199121523 0.63671875 0.657393850658858 0.64404296875 0.6756954612005857 0.6533203125 0.7071742313323572 0.6533203125 0.7130307467057101 0.6513671875 0.7152269399707174 0.64404296875 0.7137628111273792 0.62646484375 0.6925329428989752 0.615234375 0.6734992679355783 0.60498046875 0.6683748169838946 0.60546875 0.6537335285505125 0.6201171875 0.6449487554904831 0.626953125 0.6456808199121523
0 0.61865234375 0.83601756954612 0.623046875 0.8418740849194729 0.62451171875 0.8513909224011713 0.62109375 0.8667642752562226 0.61279296875 0.87701317715959 0.5908203125 0.8923865300146413 0.5849609375 0.8909224011713031 0.57666015625 0.8821376281112738 0.5732421875 0.8740849194729137 0.57373046875 0.862371888726208 0.580078125 0.8543191800878477 0.5927734375 0.8455344070278185 0.60107421875 0.8345534407027818 0.6181640625 0.83601756954612
0 0.3349609375 0.6683748169838946 0.349609375 0.6705710102489019 0.3759765625 0.6852122986822841 0.3671875 0.7027818448023426 0.36279296875 0.7064421669106882 0.35791015625 0.7064421669106882 0.3359375 0.6881405563689604 0.33447265625 0.6837481698389458 0.3349609375 0.6691068814055637
0 0.55126953125 0.1800878477306003 0.5576171875 0.1822840409956076 0.56201171875 0.19912152269399708 0.54736328125 0.21742313323572474 0.529296875 0.23206442166910687 0.5244140625 0.23060029282576866 0.52587890625 0.212298682284041 0.5224609375 0.19472913616398244 0.53759765625 0.1815519765739385 0.55078125 0.1800878477306003
0 0.60498046875 0.6032210834553441 0.619140625 0.6134699853587116 0.6298828125 0.6068814055636896 0.6328125 0.6127379209370425 0.6337890625 0.6266471449487555 0.63134765625 0.6346998535871157 0.6201171875 0.6456808199121523 0.61328125 0.6486090775988287 0.6015625 0.6486090775988287 0.59716796875 0.6456808199121523 0.591796875 0.637628111273792 0.58642578125 0.6222547584187409 0.58740234375 0.6090775988286969 0.59228515625 0.6024890190336749 0.59912109375 0.5973645680819912 0.6044921875 0.6032210834553441
0 0.474609375 0.6756954612005857 0.5234375 0.6896046852122987 0.55029296875 0.6874084919472914 0.5576171875 0.6954612005856515 0.5615234375 0.7159590043923866 0.55517578125 0.7445095168374817 0.548828125 0.7569546120058566 0.53564453125 0.7562225475841874 0.5234375 0.7510980966325037 0.5029296875 0.7210834553440703 0.4912109375 0.7166910688140556 0.4814453125 0.7181551976573939 0.47607421875 0.7254758418740849 0.4736328125 0.7401171303074671 0.47412109375 0.7554904831625183 0.48046875 0.7789165446559297 0.47021484375 0.7840409956076134 0.46533203125 0.7825768667642753 0.45947265625 0.7759882869692533 0.45654296875 0.7781844802342606 0.4560546875 0.7730600292825769 0.4501953125 0.7620790629575402 0.44921875 0.7437774524158126 0.458984375 0.6808199121522694 0.462890625 0.6764275256222547 0.47412109375 0.6756954612005857
0 0.5048828125 0.5285505124450952 0.58203125 0.5995607613469985 0.58447265625 0.6090775988286969 0.58251953125 0.6259150805270863 0.5751953125 0.6434846266471449 0.56787109375 0.6500732064421669 0.5595703125 0.6478770131771596 0.55029296875 0.6354319180087847 0.53857421875 0.6259150805270863 0.525390625 0.6083455344070278 0.50830078125 0.5761346998535871 0.4892578125 0.5600292825768668 0.48828125 0.5497803806734992 0.49365234375 0.5351390922401171 0.49951171875 0.5292825768667643 0.50439453125 0.5285505124450952
0 0.56884765625 0.2005856515373353 0.58447265625 0.20790629575402636 0.587890625 0.21376281112737922 0.5927734375 0.22913616398243045 0.591796875 0.24377745241581258 0.57568359375 0.26281112737920936 0.54248046875 0.2935578330893119 0.50830078125 0.3096632503660322 0.498046875 0.30161054172767204 0.49462890625 0.2964860907759883 0.49462890625 0.2913616398243045 0.5107421875 0.2554904831625183 0.51611328125 0.246705710102489 0.5380859375 0.2232796486090776 0.56005859375 0.2027818448023426 0.568359375 0.2005856515373353
0 0.5849609375 0.4765739385065886 0.5986328125 0.48975109809663253 0.60400390625 0.5014641288433382 0.60498046875 0.5175695461200586 0.599609375 0.5380673499267935 0.58203125 0.5629575402635432 0.568359375 0.5775988286969254 0.55859375 0.5739385065885798 0.5478515625 0.5600292825768668 0.54248046875 0.5483162518301611 0.54638671875 0.5344070278184481 0.55517578125 0.5183016105417276 0.55859375 0.5073206442166911 0.57763671875 0.4802342606149341 0.58447265625 0.4773060029282577
0 0.5107421875 0.14421669106881405 0.52490234375 0.15373352855051245 0.53466796875 0.1720351390922401 0.5341796875 0.1822840409956076 0.5205078125 0.19326500732064422 0.50341796875 0.18960468521229867 0.5 0.18594436310395315 0.5048828125 0.16251830161054173 0.50244140625 0.14421669106881405 0.51025390625 0.14421669106881405
0 0.37255859375 0.8243045387994143 0.3798828125 0.8257686676427526 0.40087890625 0.8528550512445096 0.41357421875 0.8572474377745242 0.42578125 0.8565153733528551 0.43310546875 0.8696925329428989 0.43798828125 0.8865300146412884 0.42626953125 0.9011713030746705 0.41845703125 0.9026354319180088 0.3828125 0.849194729136164 0.373046875 0.8250366032210834
0 0.5859375 0.7144948755490483 0.5908203125 0.718887262079063 0.6005859375 0.7364568081991215 0.609375 0.7437774524158126 0.61279296875 0.7510980966325037 0.6123046875 0.7547584187408491 0.60693359375 0.7613469985358712 0.60791015625 0.7679355783308931 0.61962890625 0.7752562225475842 0.64794921875 0.8147877013177159 0.64990234375 0.8243045387994143 0.64111328125 0.828696925329429 0.62744140625 0.8257686676427526 0.623046875 0.822108345534407 0.6025390625 0.8001464128843339 0.59375 0.7862371888726208 0.5849609375 0.7796486090775988 0.56689453125 0.7510980966325037 0.5673828125 0.7401171303074671 0.57373046875 0.7247437774524158 0.58154296875 0.7152269399707174 0.58544921875 0.7144948755490483
0 0.49267578125 0.14202049780380674 0.49951171875 0.14568081991215226 0.50390625 0.15446559297218154 0.5029296875 0.17642752562225475 0.49169921875 0.19472913616398244 0.46826171875 0.20497803806734993 0.44970703125 0.2005856515373353 0.439453125 0.1903367496339678 0.4248046875 0.18301610541727673 0.4228515625 0.17935578330893118 0.42431640625 0.16764275256222547 0.44677734375 0.15300146412884333 0.48388671875 0.14202049780380674 0.4921875 0.14202049780380674