0 0.65869140625 0.2679355783308931 0.6630859375 0.26720351390922403 0.6728515625 0.2840409956076135 0.67724609375 0.2964860907759883 0.7060546875 0.328696925329429 0.71630859375 0.34553440702781846 0.71826171875 0.3528550512445095 0.71826171875 0.35724743777452417 0.7158203125 0.3601756954612006 0.68896484375 0.36822840409956076 0.66943359375 0.3579795021961933 0.64892578125 0.3374816983894583 0.64599609375 0.3330893118594436 0.64599609375 0.3206442166910688 0.64208984375 0.3096632503660322 0.642578125 0.30234260614934116 0.65869140625 0.2686676427525622
0 0.47900390625 0.801610541727672 0.48681640625 0.8089311859443631 0.4990234375 0.8272327964860908 0.5 0.8374816983894583 0.49853515625 0.8462664714494875 0.4951171875 0.8513909224011713 0.48779296875 0.8565153733528551 0.47705078125 0.8587115666178624 0.4697265625 0.8579795021961932 0.4619140625 0.8513909224011713 0.458984375 0.842606149341142 0.458984375 0.8279648609077599 0.4609375 0.8191800878477306 0.4677734375 0.8060029282576867 0.478515625 0.801610541727672
0 0.29638671875 0.5571010248901903 0.33349609375 0.58199121522694 0.35107421875 0.5907759882869692 0.37353515625 0.6083455344070278 0.37353515625 0.62298682284041 0.3662109375 0.6398243045387995 0.36767578125 0.6537335285505125 0.361328125 0.6610541727672035 0.314453125 0.6442166910688141 0.30712890625 0.6310395314787701 0.2978515625 0.6207906295754027 0.28955078125 0.6068814055636896 0.283203125 0.5841874084919473 0.28369140625 0.5739385065885798 0.2880859375 0.5636896046852123 0.29052734375 0.5592972181551976 0.2958984375 0.5571010248901903
0 0.59765625 0.26281112737920936 0.603515625 0.2664714494875549 0.61376953125 0.2796486090775988 0.62109375 0.2986822840409956 0.62158203125 0.308199121522694 0.60400390625 0.33455344070278187 0.58056640625 0.38653001464128844 0.57568359375 0.3938506588579795 0.56982421875 0.3967789165446559 0.5625 0.3945827232796486 0.548828125 0.3814055636896047 0.54248046875 0.36530014641288433 0.5615234375 0.3206442166910688 0.5634765625 0.31112737920937045 0.58447265625 0.2679355783308931 0.58935546875 0.26207906295754024 0.59716796875 0.26281112737920936
0 0.2998046875 0.41874084919472915 0.302734375 0.42093704245973645 0.30712890625 0.438506588579795 0.3095703125 0.45973645680819913 0.30908203125 0.4838945827232797 0.30078125 0.4904831625183016 0.28466796875 0.5102489019033675 0.27294921875 0.5161054172767203 0.26123046875 0.45900439238653 0.26025390625 0.44216691068814057 0.26611328125 0.43484626647144947 0.29931640625 0.41874084919472915
0 0.50439453125 0.4472913616398243 0.5263671875 0.45900439238653 0.53759765625 0.45534407027818447 0.54443359375 0.4663250366032211 0.54345703125 0.47584187408491946 0.54052734375 0.47364568081991215 0.5380859375 0.48096632503660325 0.5390625 0.49194729136163984 0.5361328125 0.4985358711566618 0.5234375 0.5109809663250366 0.5185546875 0.5124450951683748 0.5087890625 0.5036603221083455 0.51123046875 0.4970717423133236 0.51025390625 0.493411420204978 0.5009765625 0.4787701317715959 0.498046875 0.4538799414348463 0.49951171875 0.4480234260614934 0.50390625 0.4472913616398243
0 0.59716796875 0.2130307467057101 0.60791015625 0.21815519765739386 0.62158203125 0.23060029282576866 0.63671875 0.24597364568081992 0.646484375 0.2613469985358712 0.6484375 0.27159590043923865 0.6474609375 0.2840409956076135 0.6416015625 0.29941434846266474 0.63720703125 0.30234260614934116 0.62353515625 0.2957540263543192 0.60693359375 0.2679355783308931 0.59521484375 0.2591508052708638 0.591796875 0.25109809663250365 0.576171875 0.22986822840409957 0.576171875 0.22693997071742314 0.5869140625 0.21376281112737922 0.5966796875 0.2130307467057101
0 0.6982421875 0.3806734992679356 0.70458984375 0.3850658857979502 0.70703125 0.390190336749634 0.70703125 0.4341142020497804 0.71240234375 0.527818448023426 0.7080078125 0.54099560761347 0.68994140625 0.5527086383601757 0.6796875 0.5519765739385066 0.67578125 0.5475841874084919 0.67724609375 0.5241581259150805 0.67431640625 0.4663250366032211 0.66552734375 0.4363103953147877 0.6640625 0.4019033674963397 0.66943359375 0.390190336749634 0.67822265625 0.383601756954612 0.685546875 0.37920937042459735 0.69775390625 0.3806734992679356
0 0.45166015625 0.5197657393850659 0.46484375 0.5322108345534406 0.48779296875 0.5468521229868228 0.49169921875 0.5527086383601757 0.4912109375 0.5592972181551976 0.48046875 0.568081991215227 0.47412109375 0.5805270863836017 0.47216796875 0.5922401171303074 0.46875 0.5951683748169839 0.46484375 0.5937042459736457 0.4609375 0.5878477306002928 0.4482421875 0.5614934114202049 0.44677734375 0.5483162518301611 0.443359375 0.5387994143484627 0.443359375 0.5234260614934114 0.44482421875 0.5183016105417276 0.451171875 0.5197657393850659
0 0.630859375 0.328696925329429 0.63232421875 0.33528550512445093 0.6259765625 0.38945827232796487 0.60693359375 0.4158125915080527 0.59765625 0.4216691068814056 0.5927734375 0.42093704245973645 0.59130859375 0.4150805270863836 0.59326171875 0.36822840409956076 0.59716796875 0.35505124450951686 0.6044921875 0.33455344070278187 0.6123046875 0.32284040995607616 0.6279296875 0.3184480234260615 0.63037109375 0.328696925329429
0 0.4228515625 0.4677891654465593 0.43115234375 0.4780380673499268 0.4375 0.49487554904831627 0.44384765625 0.5241581259150805 0.4443359375 0.54099560761347 0.44775390625 0.5519765739385066 0.44921875 0.5739385065885798 0.44775390625 0.5797950219619327 0.44140625 0.5863836017569546 0.416015625 0.5944363103953147 0.4091796875 0.5929721815519766 0.40380859375 0.5856515373352855 0.40283203125 0.5109809663250366 0.40771484375 0.48316251830161056 0.41357421875 0.47364568081991215 0.42236328125 0.4677891654465593
0 0.31005859375 0.4882869692532943 0.31640625 0.4904831625183016 0.32080078125 0.4970717423133236 0.3369140625 0.5366032210834554 0.33642578125 0.5468521229868228 0.32861328125 0.5541727672035139 0.310546875 0.5622254758418741 0.2919921875 0.5563689604685212 0.28466796875 0.568081991215227 0.27880859375 0.5695461200585652 0.25830078125 0.5600292825768668 0.255859375 0.5512445095168375 0.2568359375 0.5380673499267935 0.26416015625 0.527086383601757 0.28466796875 0.5109809663250366 0.30126953125 0.4904831625183016 0.3095703125 0.4882869692532943
0 0.599609375 0.6383601756954612 0.626953125 0.6764275256222547 0.6669921875 0.7481698389458272 0.6669921875 0.7591508052708639 0.6591796875 0.7752562225475842 0.65234375 0.7847730600292826 0.64404296875 0.7913616398243045 0.6376953125 0.7884333821376281 0.603515625 0.7342606149341142 0.60498046875 0.726207906295754 0.6123046875 0.7203513909224012 0.61279296875 0.7101024890190337 0.6044921875 0.7093704245973645 0.6005859375 0.705710102489019 0.59814453125 0.7115666178623719 0.5966796875 0.7079062957540263 0.583984375 0.6976573938506588 0.57470703125 0.6808199121522694 0.57421875 0.671303074670571 0.57763671875 0.6603221083455344 0.5888671875 0.6412884333821376 0.59912109375 0.6390922401171303
0 0.50830078125 0.16251830161054173 0.5126953125 0.16471449487554904 0.51904296875 0.17496339677891654 0.5205078125 0.18960468521229867 0.5078125 0.2225475841874085 0.4970703125 0.2445095168374817 0.49267578125 0.24890190336749635 0.4755859375 0.2452415812591508 0.466796875 0.2342606149341142 0.46533203125 0.2232796486090776 0.4716796875 0.19765739385065886 0.47802734375 0.18521229868228403 0.49169921875 0.16764275256222547 0.50390625 0.1617862371888726 0.5078125 0.16251830161054173
0 0.6103515625 0.1595900439238653 0.642578125 0.1910688140556369 0.67529296875 0.2342606149341142 0.67626953125 0.23792093704245973 0.669921875 0.25109809663250365 0.65576171875 0.2547584187408492 0.642578125 0.25036603221083453 0.62744140625 0.23645680819912152 0.62158203125 0.22620790629575402 0.603515625 0.20717423133235724 0.59326171875 0.1910688140556369 0.58935546875 0.17862371888726208 0.59033203125 0.17130307467057102 0.60205078125 0.15739385065885797 0.60986328125 0.1595900439238653
0 0.27392578125 0.6251830161054173 0.291015625 0.6412884333821376 0.298828125 0.6537335285505125 0.2978515625 0.671303074670571 0.30029296875 0.6852122986822841 0.29296875 0.6969253294289898 0.2822265625 0.698389458272328 0.26220703125 0.6947291361639825 0.24853515625 0.6844802342606149 0.24267578125 0.6749633967789166 0.24267578125 0.6654465592972182 0.2470703125 0.6500732064421669 0.2587890625 0.6354319180087847 0.2734375 0.6251830161054173
0 0.37841796875 0.23792093704245973 0.38427734375 0.2430453879941435 0.38916015625 0.2518301610541728 0.388671875 0.30161054172767204 0.38037109375 0.32650073206442165 0.3681640625 0.34992679355783307 0.36328125 0.3535871156661786 0.35791015625 0.34992679355783307 0.3515625 0.33528550512445093 0.349609375 0.2657393850658858 0.35302734375 0.2547584187408492 0.361328125 0.2430453879941435 0.373046875 0.23718887262079064 0.3779296875 0.23792093704245973
0 0.2724609375 0.4172767203513909 0.27685546875 0.41947291361639827 0.279296875 0.4260614934114202 0.2626953125 0.43923865300146414 0.26025390625 0.44363103953147875 0.2646484375 0.4780380673499268 0.2626953125 0.4838945827232797 0.25341796875 0.49267935578330896 0.2451171875 0.4904831625183016 0.23779296875 0.4802342606149341 0.23046875 0.45973645680819913 0.23046875 0.4472913616398243 0.2392578125 0.43484626647144947 0.25244140625 0.42313323572474376 0.26220703125 0.41800878477306 0.27197265625 0.4172767203513909
0 0.37646484375 0.7401171303074671 0.37890625 0.739385065885798 0.38623046875 0.7489019033674963 0.39892578125 0.7767203513909224 0.4033203125 0.7745241581259151 0.408203125 0.7796486090775988 0.416015625 0.8111273792093704 0.4130859375 0.8257686676427526 0.40283203125 0.8330893118594437 0.384765625 0.8316251830161054 0.3759765625 0.8206442166910688 0.37255859375 0.8067349926793558 0.36962890625 0.7576866764275256 0.3720703125 0.7474377745241582 0.37646484375 0.7408491947291361
0 0.47998046875 0.6010248901903368 0.48828125 0.6032210834553441 0.52392578125 0.6024890190336749 0.5380859375 0.6112737920937042 0.54296875 0.623718887262079 0.5380859375 0.650805270863836 0.53369140625 0.6537335285505125 0.525390625 0.6522693997071742 0.5107421875 0.6559297218155198 0.45751953125 0.6456808199121523 0.44677734375 0.6478770131771596 0.44287109375 0.6427525622254758 0.4423828125 0.6332357247437774 0.4482421875 0.6288433382137628 0.451171875 0.6200585651537335 0.46044921875 0.6142020497803806 0.4697265625 0.6024890190336749 0.4794921875 0.6010248901903368
0 0.71630859375 0.5453879941434846 0.7177734375 0.5483162518301611 0.716796875 0.5644216691068814 0.71142578125 0.575402635431918 0.6650390625 0.6024890190336749 0.6552734375 0.6010248901903368 0.6435546875 0.5907759882869692 0.6416015625 0.5834553440702782 0.64208984375 0.5724743777452416 0.64599609375 0.5607613469985359 0.65234375 0.5651537335285505 0.65869140625 0.5651537335285505 0.666015625 0.5622254758418741 0.673828125 0.5519765739385066 0.693359375 0.5541727672035139 0.70703125 0.5461200585651538 0.7158203125 0.5453879941434846
0 0.3935546875 0.5058565153733529 0.3974609375 0.5102489019033675 0.39990234375 0.5204978038067349 0.40380859375 0.5841874084919473 0.4130859375 0.6054172767203514 0.416015625 0.6559297218155198 0.41455078125 0.671303074670571 0.41162109375 0.6771595900439239 0.38818359375 0.6808199121522694 0.37939453125 0.6764275256222547 0.37646484375 0.6617862371888726 0.3759765625 0.6134699853587116 0.3701171875 0.5915080527086384 0.36083984375 0.5285505124450952 0.365234375 0.5219619326500732 0.39306640625 0.5058565153733529
0 0.4736328125 0.6903367496339677 0.4833984375 0.691800878477306 0.4921875 0.698389458272328 0.5078125 0.7313323572474377 0.51171875 0.7540263543191801 0.517578125 0.7708638360175696 0.52197265625 0.7920937042459737 0.52294921875 0.8060029282576867 0.52001953125 0.8184480234260615 0.515625 0.8235724743777453 0.501953125 0.828696925329429 0.49755859375 0.8257686676427526 0.484375 0.8067349926793558 0.48046875 0.781112737920937 0.46533203125 0.7459736456808199 0.46044921875 0.7291361639824304 0.4619140625 0.7020497803806734 0.46826171875 0.6925329428989752 0.47314453125 0.6910688140556369
0 0.56494140625 0.6207906295754027 0.5791015625 0.6317715959004392 0.58447265625 0.6449487554904831 0.57568359375 0.6617862371888726 0.57177734375 0.6830161054172768 0.56103515625 0.6888726207906296 0.55517578125 0.6859443631039531 0.54833984375 0.6771595900439239 0.54296875 0.657393850658858 0.5556640625 0.6427525622254758 0.55712890625 0.6390922401171303 0.5546875 0.6346998535871157 0.55517578125 0.6303074670571011 0.5615234375 0.6215226939970717 0.564453125 0.6207906295754027
0 0.462890625 0.23572474377745242 0.4697265625 0.23865300146412885 0.47509765625 0.2657393850658858 0.4775390625 0.3074670571010249 0.48095703125 0.32723279648609077 0.47802734375 0.34553440702781846 0.4736328125 0.3506588579795022 0.46630859375 0.3462664714494876 0.4609375 0.3301610541727672 0.44580078125 0.3089311859443631 0.44287109375 0.2840409956076135 0.447265625 0.2525622254758419 0.45068359375 0.24231332357247437 0.4541015625 0.23865300146412885 0.46240234375 0.23645680819912152
0 0.37353515625 0.6537335285505125 0.37744140625 0.6625183016105417 0.3779296875 0.6720351390922401 0.3818359375 0.678623718887262 0.39306640625 0.6815519765739385 0.404296875 0.6793557833089312 0.412109375 0.6830161054172768 0.41552734375 0.7408491947291361 0.41943359375 0.7584187408491947 0.412109375 0.767203513909224 0.40380859375 0.7715959004392386 0.396484375 0.7708638360175696 0.39453125 0.7679355783308931 0.37353515625 0.7130307467057101 0.36474609375 0.6720351390922401 0.36572265625 0.6625183016105417 0.37060546875 0.6537335285505125 0.373046875 0.6537335285505125
0 0.50048828125 0.32650073206442165 0.51611328125 0.3462664714494876 0.5283203125 0.38433382137628114 0.53369140625 0.3923865300146413 0.53955078125 0.4158125915080527 0.5390625 0.43045387994143486 0.541015625 0.4341142020497804 0.541015625 0.43997071742313326 0.53466796875 0.4538799414348463 0.5263671875 0.4568081991215227 0.51611328125 0.4494875549048316 0.5078125 0.44875549048316254 0.50341796875 0.44216691068814057 0.5048828125 0.42972181551976574 0.515625 0.40043923865300146 0.517578125 0.3814055636896047 0.51416015625 0.37481698389458273 0.4951171875 0.36383601756954614 0.48876953125 0.35505124450951686 0.48828125 0.3323572474377745 0.4931640625 0.32650073206442165 0.5 0.32723279648609077
0 0.3037109375 0.2540263543191801 0.3330078125 0.26720351390922403 0.3349609375 0.2708638360175695 0.3349609375 0.2847730600292826 0.31396484375 0.37774524158125916 0.298828125 0.41215226939970717 0.2880859375 0.42093704245973645 0.28125 0.42020497803806733 0.26708984375 0.410688140556369 0.26318359375 0.4055636896046852 0.26171875 0.39604685212298685 0.26416015625 0.3814055636896047 0.27392578125 0.35431918008784774 0.28515625 0.31112737920937045 0.28515625 0.2935578330893119 0.29248046875 0.2562225475841874 0.29638671875 0.25329428989751096 0.30322265625 0.2540263543191801
0 0.6552734375 0.4443631039531479 0.65869140625 0.445095168374817 0.6708984375 0.45973645680819913 0.6728515625 0.4838945827232797 0.64501953125 0.5226939970717424 0.6318359375 0.5461200585651538 0.6259765625 0.5512445095168375 0.6240234375 0.5490483162518301 0.62744140625 0.5124450951683748 0.63623046875 0.4904831625183016 0.630859375 0.47218155197657397 0.63916015625 0.4568081991215227 0.65478515625 0.4443631039531479
0 0.63037109375 0.4765739385065886 0.63427734375 0.4802342606149341 0.6376953125 0.48975109809663253 0.62890625 0.5109809663250366 0.625 0.5527086383601757 0.61865234375 0.5702781844802343 0.609375 0.5775988286969254 0.5927734375 0.5702781844802343 0.580078125 0.5475841874084919 0.580078125 0.5366032210834554 0.583984375 0.5263543191800878 0.59521484375 0.5146412884333821 0.60400390625 0.5007320644216691 0.6181640625 0.48535871156661786 0.6298828125 0.4765739385065886
0 0.353515625 0.5300146412884333 0.35888671875 0.5314787701317716 0.3603515625 0.5351390922401171 0.36572265625 0.5710102489019033 0.3583984375 0.5834553440702782 0.3505859375 0.5885797950219619 0.3291015625 0.5768667642752562 0.32666015625 0.5724743777452416 0.326171875 0.5636896046852123 0.32861328125 0.5519765739385066 0.3349609375 0.5439238653001464 0.33642578125 0.5380673499267935 0.34521484375 0.5314787701317716 0.35302734375 0.5300146412884333
0 0.6591796875 0.4458272327964861 0.67041015625 0.45900439238653 0.673828125 0.47584187408491946 0.67333984375 0.4838945827232797 0.64453125 0.5234260614934114 0.63427734375 0.5424597364568082 0.62353515625 0.5563689604685212 0.61767578125 0.5710102489019033 0.611328125 0.5761346998535871 0.5966796875 0.5724743777452416 0.5869140625 0.5600292825768668 0.5810546875 0.5453879941434846 0.5830078125 0.5307467057101025 0.603515625 0.5014641288433382 0.62744140625 0.47584187408491946 0.6396484375 0.45534407027818447 0.6513671875 0.4443631039531479 0.65869140625 0.4458272327964861
0 0.4287109375 0.3440702781844802 0.43212890625 0.34699853587115664 0.46630859375 0.3484626647144949 0.51611328125 0.3762811127379209 0.51806640625 0.3821376281112738 0.517578125 0.390190336749634 0.5068359375 0.4260614934114202 0.498046875 0.44216691068814057 0.49169921875 0.43997071742313326 0.44677734375 0.40775988286969256 0.41357421875 0.39092240117130306 0.41259765625 0.3850658857979502 0.41650390625 0.36749633967789164 0.42431640625 0.3462664714494876 0.42822265625 0.3440702781844802
0 0.42529296875 0.8228404099560761 0.431640625 0.8411420204978038 0.43603515625 0.8448023426061494 0.4521484375 0.8440702781844802 0.45849609375 0.8469985358711567 0.46728515625 0.862371888726208 0.46630859375 0.8733528550512445 0.4580078125 0.8843338213762811 0.44873046875 0.8909224011713031 0.43603515625 0.8923865300146413 0.43115234375 0.890190336749634 0.42431640625 0.8755490483162518 0.41748046875 0.8411420204978038 0.41748046875 0.828696925329429 0.4248046875 0.8235724743777453
0 0.3662109375 0.36383601756954614 0.3935546875 0.3989751098096633 0.4033203125 0.40775988286969256 0.42919921875 0.45095168374816985 0.42822265625 0.45534407027818447 0.4189453125 0.4677891654465593 0.404296875 0.48243045387994143 0.39453125 0.48755490483162517 0.390625 0.4868228404099561 0.36376953125 0.4480234260614934 0.35693359375 0.44143484626647145 0.34912109375 0.4289897510980966 0.33984375 0.40702781844802344 0.33837890625 0.39604685212298685 0.341796875 0.3850658857979502 0.35595703125 0.36603221083455345 0.36083984375 0.363103953147877 0.36572265625 0.36383601756954614
0 0.43212890625 0.7547584187408491 0.4384765625 0.7569546120058566 0.453125 0.7693997071742313 0.46826171875 0.7833089311859444 0.47119140625 0.7898975109809663 0.46923828125 0.7950219619326501 0.4638671875 0.7994143484626647 0.4384765625 0.8052708638360175 0.41796875 0.8008784773060029 0.41357421875 0.7972181551976574 0.41064453125 0.7891654465592972 0.41064453125 0.7796486090775988 0.4150390625 0.7679355783308931 0.42333984375 0.7576866764275256 0.431640625 0.7547584187408491
0 0.337890625 0.7730600292825769 0.34130859375 0.7752562225475842 0.34765625 0.787701317715959 0.3486328125 0.8111273792093704 0.34521484375 0.8199121522693997 0.32666015625 0.8308931185944363 0.3212890625 0.8301610541727672 0.3076171875 0.8140556368960469 0.3037109375 0.8067349926793558 0.30224609375 0.7964860907759883 0.3076171875 0.7840409956076134 0.32080078125 0.7730600292825769 0.33740234375 0.7730600292825769
0 0.32568359375 0.21815519765739386 0.330078125 0.22620790629575402 0.3310546875 0.23938506588579794 0.326171875 0.2540263543191801 0.32177734375 0.2569546120058565 0.3037109375 0.25329428989751096 0.30224609375 0.25036603221083453 0.3037109375 0.2445095168374817 0.3193359375 0.21961932650073207 0.3251953125 0.21815519765739386
0 0.6650390625 0.2547584187408492 0.6826171875 0.25841874084919475 0.69189453125 0.2686676427525622 0.69287109375 0.28989751098096633 0.689453125 0.2957540263543192 0.68310546875 0.3001464128843338 0.677734375 0.2972181551976574 0.67333984375 0.28989751098096633 0.67041015625 0.2781844802342606 0.6640625 0.26720351390922403 0.6572265625 0.27013177159590046 0.65185546875 0.28038067349926793 0.6474609375 0.2774524158125915 0.6474609375 0.2686676427525622 0.6513671875 0.25988286969253294 0.6552734375 0.2562225475841874 0.66455078125 0.2547584187408492
0 0.49365234375 0.11493411420204978 0.50537109375 0.11566617862371889 0.51904296875 0.12225475841874085 0.52783203125 0.13177159590043924 0.5361328125 0.1493411420204978 0.5537109375 0.15080527086383602 0.5595703125 0.16325036603221083 0.5634765625 0.16617862371888725 0.56494140625 0.16398243045387995 0.56298828125 0.1603221083455344 0.57080078125 0.15300146412884333 0.595703125 0.15519765739385066 0.58349609375 0.1595900439238653 0.587890625 0.1617862371888726 0.587890625 0.16691068814055637 0.59033203125 0.16910688140556368 0.59716796875 0.1595900439238653 0.60986328125 0.1603221083455344 0.6259765625 0.17423133235724744 0.65771484375 0.20937042459736457 0.67431640625 0.2342606149341142 0.6748046875 0.2518301610541728 0.68115234375 0.2591508052708638 0.6884765625 0.26281112737920936 0.69189453125 0.2686676427525622 0.69384765625 0.2862371888726208 0.689453125 0.29941434846266474 0.69384765625 0.30307467057101023 0.69287109375 0.31332357247437775 0.7109375 0.33601756954612005 0.72705078125 0.369692532942899 0.73046875 0.4011713030746706 0.72998046875 0.4253294289897511 0.7333984375 0.4458272327964861 0.73291015625 0.479502196193265 0.73486328125 0.48755490483162517 0.73486328125 0.5029282576866764 0.7314453125 0.5241581259150805 0.724609375 0.5366032210834554 0.7265625 0.5446559297218155 0.72021484375 0.5556368960468521 0.71923828125 0.5790629575402635 0.72119140625 0.5893118594436311 0.7197265625 0.6142020497803806 0.71826171875 0.6207906295754027 0.70947265625 0.6303074670571011 0.7119140625 0.6449487554904831 0.705078125 0.6588579795021962 0.7021484375 0.6698389458272328 0.7041015625 0.6742313323572474 0.69921875 0.6808199121522694 0.697265625 0.6910688140556369 0.6923828125 0.6939970717423133 0.68359375 0.7093704245973645 0.68212890625 0.7152269399707174 0.68359375 0.719619326500732 0.6806640625 0.7313323572474377 0.6669921875 0.7437774524158126 0.66650390625 0.7591508052708639 0.65771484375 0.7767203513909224 0.65283203125 0.7840409956076134 0.634765625 0.7986822840409956 0.6298828125 0.794289897510981 0.61962890625 0.7957540263543191 0.609375 0.7935578330893118 0.6064453125 0.7964860907759883 0.60791015625 0.8001464128843339 0.6015625 0.7994143484626647 0.60791015625 0.8140556368960469 0.60400390625 0.8316251830161054 0.59521484375 0.8440702781844802 0.576171875 0.8579795021961932 0.56689453125 0.8601756954612005 0.556640625 0.8499267935578331 0.5537109375 0.8543191800878477 0.54443359375 0.8579795021961932 0.541015625 0.8674963396778916 0.53271484375 0.8740849194729137 0.51953125 0.8777452415812591 0.5078125 0.8755490483162518 0.50048828125 0.8894582723279648 0.4892578125 0.8923865300146413 0.46875 0.8923865300146413 0.46337890625 0.8872620790629575 0.44970703125 0.8923865300146413 0.42041015625 0.8887262079062958 0.40771484375 0.8814055636896047 0.388671875 0.8784773060029283 0.375 0.8689604685212299 0.37060546875 0.8689604685212299 0.36328125 0.8565153733528551 0.3447265625 0.8528550512445096 0.3359375 0.8455344070278185 0.3271484375 0.8433382137628112 0.322265625 0.8338213762811127 0.30517578125 0.8133235724743777 0.298828125 0.7979502196193266 0.29443359375 0.7920937042459737 0.28759765625 0.7898975109809663 0.26806640625 0.760614934114202 0.25341796875 0.7276720351390923 0.25146484375 0.718887262079063 0.2451171875 0.7101024890190337 0.24462890625 0.6954612005856515 0.2392578125 0.6903367496339677 0.23388671875 0.6720351390922401 0.2216796875 0.6537335285505125 0.21826171875 0.6346998535871157 0.21923828125 0.6273792093704246 0.21630859375 0.6054172767203514 0.2216796875 0.5900439238653001 0.21630859375 0.5658857979502196 0.21728515625 0.5585651537335286 0.2158203125 0.5556368960468521 0.2109375 0.554904831625183 0.21630859375 0.554904831625183 0.21826171875 0.5519765739385066 0.21630859375 0.527086383601757 0.21923828125 0.5168374816983895 0.22021484375 0.48462664714494874 0.2236328125 0.4685212298682284 0.22900390625 0.46046852122986826 0.2275390625 0.44363103953147875 0.2333984375 0.42972181551976574 0.22607421875 0.42313323572474376 0.2275390625 0.41947291361639827 0.22607421875 0.4150805270863836 0.2294921875 0.41215226939970717 0.22607421875 0.4011713030746706 0.22900390625 0.3953147877013177 0.22802734375 0.390190336749634 0.22998046875 0.37481698389458273 0.234375 0.3733528550512445 0.2333984375 0.363103953147877 0.2373046875 0.35212298682284043 0.248046875 0.35505124450951686 0.25244140625 0.34992679355783307 0.25439453125 0.3235724743777452 0.26318359375 0.31771595900439237 0.2626953125 0.3089311859443631 0.267578125 0.30380673499267935 0.2783203125 0.28038067349926793 0.28271484375 0.2774524158125915 0.28271484375 0.27379209370424595 0.28662109375 0.27013177159590046 0.28564453125 0.26207906295754024 0.287109375 0.25768667642752563 0.29443359375 0.25329428989751096 0.30224609375 0.25329428989751096 0.3046875 0.2430453879941435 0.310546875 0.23133235724743778 0.32568359375 0.21595900439238652 0.318359375 0.212298682284041 0.33251953125 0.2005856515373353 0.3359375 0.18740849194729137 0.3427734375 0.17935578330893118 0.36181640625 0.17569546120058566 0.36572265625 0.17789165446559296 0.373046875 0.17349926793557832 0.38671875 0.17130307467057102 0.40478515625 0.17130307467057102 0.41796875 0.16617862371888725 0.412109375 0.15226939970717424 0.4130859375 0.1486090775988287 0.44140625 0.12664714494875548 0.45068359375 0.12664714494875548 0.48193359375 0.11493411420204978 0.4931640625 0.11493411420204978
0 0.50537109375 0.8462664714494875 0.50927734375 0.8543191800878477 0.51025390625 0.8674963396778916 0.5087890625 0.8726207906295754 0.5009765625 0.8887262079062958 0.4892578125 0.8931185944363104 0.47265625 0.8850658857979502 0.46923828125 0.8777452415812591 0.4697265625 0.8696925329428989 0.4736328125 0.8616398243045388 0.48779296875 0.8565153733528551 0.49853515625 0.8469985358711567 0.5048828125 0.8462664714494875
0 0.71923828125 0.3601756954612006 0.72607421875 0.36749633967789164 0.72900390625 0.38945827232796487 0.7333984375 0.4633967789165447 0.732421875 0.5161054172767203 0.72998046875 0.5300146412884333 0.72021484375 0.5351390922401171 0.71630859375 0.5351390922401171 0.7138671875 0.5314787701317716 0.70703125 0.43045387994143486 0.70703125 0.3916544655929722 0.70068359375 0.3806734992679356 0.68896484375 0.37554904831625185 0.7021484375 0.3645680819912152 0.71875 0.3609077598828697
0 0.61328125 0.609809663250366 0.62158203125 0.6178623718887262 0.630859375 0.6398243045387995 0.6318359375 0.6486090775988287 0.638671875 0.6676427525622255 0.63916015625 0.6771595900439239 0.63720703125 0.6793557833089312 0.6298828125 0.677891654465593 0.6123046875 0.657393850658858 0.6015625 0.6390922401171303 0.591796875 0.6346998535871157 0.59130859375 0.623718887262079 0.5927734375 0.6200585651537335 0.607421875 0.6105417276720352 0.61279296875 0.6105417276720352
0 0.56884765625 0.8594436310395315 0.556640625 0.8455344070278185 0.5556640625 0.83601756954612 0.5576171875 0.828696925329429 0.576171875 0.8125915080527086 0.5859375 0.8001464128843339 0.60205078125 0.801610541727672 0.6064453125 0.8074670571010248 0.60791015625 0.8169838945827232 0.6025390625 0.835285505124451 0.578125 0.8572474377745242 0.5693359375 0.8587115666178624
0 0.32177734375 0.6500732064421669 0.3359375 0.650805270863836 0.3623046875 0.66398243045388 0.3603515625 0.671303074670571 0.353515625 0.6822840409956076 0.3486328125 0.6866764275256223 0.34375 0.6866764275256223 0.32958984375 0.6771595900439239 0.322265625 0.6691068814055637 0.32080078125 0.664714494875549 0.32177734375 0.650805270863836
0 0.5517578125 0.1500732064421669 0.5556640625 0.15446559297218154 0.55810546875 0.16764275256222547 0.54296875 0.18740849194729137 0.52490234375 0.2027818448023426 0.52001953125 0.20131771595900438 0.521484375 0.17862371888726208 0.5185546875 0.16544655929721816 0.53564453125 0.15080527086383602 0.55126953125 0.1500732064421669
0 0.59033203125 0.5651537335285505 0.5927734375 0.5695461200585652 0.60693359375 0.5790629575402635 0.61572265625 0.5724743777452416 0.6181640625 0.5724743777452416 0.62060546875 0.5775988286969254 0.62158203125 0.5915080527086384 0.61865234375 0.5995607613469985 0.607421875 0.6112737920937042 0.60009765625 0.6149341142020498 0.58447265625 0.6127379209370425 0.5791015625 0.6046852122986823 0.57421875 0.5900439238653001 0.5751953125 0.5768667642752562 0.58349609375 0.5666178623718887 0.58984375 0.5651537335285505
0 0.46142578125 0.6493411420204978 0.505859375 0.6603221083455344 0.51953125 0.6610541727672035 0.53662109375 0.6566617862371888 0.5439453125 0.664714494875549 0.54736328125 0.6844802342606149 0.53857421875 0.719619326500732 0.53564453125 0.7254758418740849 0.5322265625 0.7269399707174231 0.51806640625 0.726207906295754 0.50927734375 0.7225475841874085 0.50390625 0.7174231332357247 0.48876953125 0.6932650073206442 0.48095703125 0.6896046852122987 0.46728515625 0.6910688140556369 0.4619140625 0.6991215226939971 0.458984375 0.7137628111273792 0.458984375 0.7291361639824304 0.46484375 0.7525622254758418 0.455078125 0.7576866764275256 0.44873046875 0.7562225475841874 0.4443359375 0.7510980966325037 0.44091796875 0.7525622254758418 0.44091796875 0.7481698389458272 0.43505859375 0.7371888726207906 0.4345703125 0.718887262079063 0.43994140625 0.6947291361639825 0.43994140625 0.6844802342606149 0.4453125 0.6559297218155198 0.44970703125 0.650805270863836 0.4609375 0.6493411420204978
0 0.49462890625 0.5007320644216691 0.509765625 0.5161054172767203 0.51806640625 0.5204978038067349 0.55224609375 0.5519765739385066 0.56298828125 0.5585651537335286 0.5703125 0.5673499267935578 0.572265625 0.5761346998535871 0.5703125 0.5937042459736457 0.5625 0.6112737920937042 0.55517578125 0.6185944363103953 0.546875 0.6171303074670571 0.53759765625 0.6046852122986823 0.5234375 0.5929721815519766 0.51318359375 0.5790629575402635 0.49658203125 0.5475841874084919 0.48193359375 0.5380673499267935 0.47802734375 0.5329428989751098 0.4765625 0.5292825768667643 0.4775390625 0.5226939970717424 0.48291015625 0.5080527086383602 0.4892578125 0.5014641288433382 0.494140625 0.5007320644216691
0 0.56494140625 0.16910688140556368 0.58056640625 0.17569546120058566 0.58349609375 0.1808199121522694 0.58837890625 0.19619326500732065 0.5869140625 0.2108345534407028 0.5673828125 0.2342606149341142 0.53662109375 0.2635431918008785 0.50244140625 0.28111273792093705 0.4951171875 0.2774524158125915 0.48876953125 0.2686676427525622 0.48876953125 0.2642752562225476 0.505859375 0.22693997071742314 0.53369140625 0.19326500732064422 0.5419921875 0.18740849194729137 0.55615234375 0.17130307467057102 0.564453125 0.16910688140556368
0 0.5771484375 0.4443631039531479 0.58935546875 0.4568081991215227 0.5947265625 0.4699853587115666 0.59423828125 0.48755490483162517 0.5888671875 0.5051244509516838 0.55712890625 0.5461200585651538 0.54736328125 0.5431918008784773 0.53662109375 0.5292825768667643 0.53173828125 0.5183016105417276 0.53564453125 0.5043923865300146 0.544921875 0.48755490483162517 0.54833984375 0.4765739385065886 0.568359375 0.4480234260614934 0.57666015625 0.445095168374817
0 0.5078125 0.11566617862371889 0.52197265625 0.12445095168374817 0.53125 0.14202049780380674 0.53076171875 0.15226939970717424 0.5166015625 0.16471449487554904 0.49951171875 0.1617862371888726 0.49609375 0.1581259150805271 0.501953125 0.13177159590043924 0.49951171875 0.116398243045388 0.50732421875 0.11566617862371889
0 0.3564453125 0.8030746705710102 0.36376953125 0.8045387994143485 0.38427734375 0.8308931185944363 0.39697265625 0.8345534407027818 0.4091796875 0.8330893118594437 0.41357421875 0.8396778916544656 0.42041015625 0.8587115666178624 0.419921875 0.8638360175695461 0.408203125 0.8777452415812591 0.40380859375 0.8799414348462665 0.3994140625 0.8784773060029283 0.3662109375 0.8279648609077599 0.3564453125 0.8038067349926794
0 0.57421875 0.6830161054172768 0.5859375 0.7027818448023426 0.5947265625 0.7101024890190337 0.59814453125 0.7174231332357247 0.591796875 0.7276720351390923 0.5927734375 0.7342606149341142 0.6044921875 0.7408491947291361 0.6318359375 0.7789165446559297 0.6337890625 0.787701317715959 0.630859375 0.7913616398243045 0.623046875 0.7935578330893118 0.60986328125 0.7906295754026355 0.58642578125 0.7664714494875549 0.580078125 0.7554904831625183 0.56640625 0.7430453879941434 0.55224609375 0.719619326500732 0.552734375 0.7086383601756955 0.5595703125 0.6925329428989752 0.5673828125 0.6830161054172768 0.57373046875 0.6830161054172768
0 0.49462890625 0.116398243045388 0.49951171875 0.12225475841874085 0.50146484375 0.12884333821376281 0.49951171875 0.1486090775988287 0.48779296875 0.16764275256222547 0.4638671875 0.17935578330893118 0.44580078125 0.17569546120058566 0.43603515625 0.16617862371888725 0.42138671875 0.1595900439238653 0.41943359375 0.15592972181551976 0.4208984375 0.14421669106881405 0.42529296875 0.1390922401171303 0.44384765625 0.1281112737920937 0.46484375 0.12298682284040996 0.48095703125 0.11493411420204978 0.494140625 0.116398243045388